522 252 100 58 500 2 926 11 3640 
981 1859 1990 16 11 12 266 17 2 221 1532 20 6 
71 34 28 1280 2 46 3641 4 595 597 26 1935 30 3642 
67 797 312 1596 499 553 17 1771 3643 3644 25 67 3645 216 1858 1597 235 32 402 3465 30 3302 17 2037 499 3646 
479 
161 64 49 25 334 
4 1365 158 789 109 158 59 82 981 1859 3647 2272 100 58 17 168 303 157 16 6 531 20 32 3648 
221 20 3649 
1858 2016 235 
303 216 4 144 797 312 82 164 797 312 
319 87 288 67 1669 32 
1865 
682 157 109 158 56 
3650 3651 
87 288 20 897 
3652 3653 30 55 
164 479 
161 2 146 531 20 32 3648 558 6 316 67 843 4 303 304 57 20 86 
2687 30 3654 306 114 517 109 9 224 
9 567 114 517 
71 2 78 288 270 73 100 
78 20 25 796 578 105 67 597 3583 
2 501 
500 554 499 425 
91 2 586 288 26 3655 516 114 6 2127 11 3656 6 67 1989 
34 2 39 501 157 32 2520 516 114 6 896 57 2 51 3657 157 3091 57 497 3467 1905 17 67 794 
795 
2 
504 241 3658 32 3659 105 3660 51 115 1983 322 67 1124 1112 361 960 3661 17 58 200 759 398 109 67 2377 30 774 838 
161 1787 3154 
57 2127 322 16 446 202 322 11 1989 210 127 6 1865 
1888 1889 67 859 1803 67 2015 3662 30 1945 67 3048 17 3663 722 
200 273 57 21 178 105 11 1852 
273 57 300 966 16 210 109 2108 157 3664 
206 1297 20 385 
4 303 102 2 221 1210 9 3665 71 100 446 206 3053 11 719 6 808 135 2 3308 100 17 2 141 32 12 17 540 3288 109 3289 164 3100 
1858 3430 3075 157 32 274 782 3652 3653 500 23 545 
20 626 49 270 73 9 3666 2387 3325 2 1296 
20 586 288 103 73 235 1152 1908 73 16 17 11 792 
3325 
500 3667 499 2838 
5 218 235 446 3668 16 30 67 428 552 2225 67 3669 30 1976 3670 230 32 990 3671 3672 3334 
3325 58 74 64 580 64 58 17 2172 86 48 303 6 2004 235 
201 288 20 897 552 205 6 1279 9 224 1202 
3673 620 
87 73 57 990 3671 3334 
1858 1668 2242 
20 74 322 67 723 3674 3675 
67 180 1976 1168 3526 
17 20 
3676 1600 1719 
17 67 3326 1858 3677 17 157 67 3678 428 153 896 57 11 3679 56 39 3680 17 11 3681 56 39 3682 36 419 3683 2980 2354 135 3684 3685 82 3686 3687 71 168 74 128 97 
164 3688 
36 252 
2 1064 183 6 301 290 186 3689 3690 17 232 289 6 67 318 30 67 3334 
522 479 
161 500 99 
168 9 10 
127 109 67 3691 552 114 32 1866 10 30 854 3334 
74 20 148 58 32 3334 32 3692 3693 32 385 1713 2370 17 32 297 30 3694 
450 20 1009 158 3334 
72 2732 1900 
20 3695 235 17 20 3696 235 17 3697 235 127 135 32 3698 
295 20 3699 235 127 44 951 44 20 46 2036 2458 32 3692 3693 300 1383 67 3674 17 1288 235 109 36 64 146 850 
295 20 2527 32 3700 383 1811 235 2458 67 3693 
67 383 29 30 3700 3701 67 3334 135 32 3702 3703 3704 487 67 3705 17 3706 67 3674 3707 
67 3674 300 3708 3709 14 105 67 3334 3710 216 1547 854 
300 73 67 428 67 2724 3711 6 3251 55 2 995 114 99 20 2370 487 67 3712 300 1460 67 3674 36 67 3705 46 301 1033 322 67 357 17 67 180 3693 276 622 135 32 3713 20 629 32 3714 6 32 297 30 3694 1131 100 109 67 383 17 214 135 874 
522 483 67 3694 1981 487 17 300 3708 3715 67 180 3716 3334 48 67 3693 135 32 3717 
295 20 471 100 127 3718 100 289 6 67 3719 3657 17 2 316 20 479 
161 168 2732 2082 3720 
200 9 428 552 3721 2225 67 3669 30 1976 3670 64 39 549 32 3558 3722 290 25 67 180 259 3657 17 2 897 2 301 67 1812 500 2 49 3723 109 105 235 2472 
552 1211 1323 149 67 3724 286 230 3260 3725 17 3726 109 67 1124 
123 552 101 218 709 3727 67 3728 3729 2575 164 1769 30 3260 3725 3730 2 413 
36 3491 471 2980 127 109 32 134 3731 698 183 2028 183 230 3732 3726 17 297 183 109 67 3733 3734 3735 
295 3491 2004 487 32 3736 3108 465 2980 
3725 86 3708 3737 36 419 533 48 67 3738 135 32 3739 1827 
67 3740 3741 30 67 3742 303 35 3743 67 1206 71 3744 67 3726 
57 3745 48 629 127 2168 3746 17 3736 3747 
295 3491 1400 32 3748 48 6 471 2980 127 17 114 2980 109 1224 
2217 230 3749 3750 419 101 3751 
128 428 123 552 101 3752 3753 67 3754 30 164 
1816 3755 1401 552 51 32 1206 109 67 2701 1133 17 3756 100 25 32 709 692 
100 2225 2 46 240 1858 24 57 50 115 3757 32 197 30 1318 38 109 402 819 63 153 241 1036 67 428 552 476 552 594 32 643 3758 109 32 1165 867 25 67 3759 200 84 109 874 46 57 206 
67 439 2802 1723 3760 
500 618 32 539 3761 
2 332 100 567 1282 32 197 30 428 17 255 64 49 34 2 501 975 
161 6 922 1173 38 
2 175 199 57 981 1859 39 32 498 30 632 3526 556 787 202 109 67 763 591 17 966 105 957 335 306 36 20 221 148 103 739 1485 3762 265 129 6 267 479 
161 
72 300 3763 500 2 268 
1211 20 518 240 32 12 84 614 893 32 324 1625 25 32 575 3764 127 1244 105 32 257 17 1283 335 
78 319 2 1211 67 1866 1867 225 71 50 241 51 71 128 12 17 1547 1962 230 67 3288 
252 39 32 1706 105 67 439 17 500 1345 100 230 32 3765 1024 
232 210 109 975 
161 64 49 
11 498 981 1859 58 109 67 763 591 17 276 206 48 109 32 970 
479 
161 17 2 9 49 393 58 975 
152 
218 272 147 1068 127 157 32 493 30 3766 552 966 697 980 2354 17 338 57 385 586 267 44 3767 44 128 
36 123 2 141 158 3768 2 300 1405 151 17 38 552 86 
750 272 58 9 1598 30 158 3769 1033 322 502 
151 152 618 1323 149 67 10 32 3770 3334 109 32 3692 3693 567 206 2417 6 490 216 892 157 67 3694 6 2269 117 2082 957 376 17 303 1371 32 1623 305 23 2225 67 3669 30 67 180 1976 1168 
750 272 23 24 906 
9 1598 30 158 3771 775 
2 1954 57 1858 49 322 67 1526 
9 58 11 506 17 2 147 3772 20 17 153 114 20 54 57 4 32 117 1450 522 410 1450 1895 505 
67 1503 30 3773 39 35 744 3774 380 67 898 57 44 23 3337 32 3589 30 1147 3775 2893 71 3776 3469 1383 67 3777 30 199 783 17 1507 109 32 3778 25 199 1425 
1858 618 14 
749 874 454 23 49 758 67 1187 
114 32 553 
1600 20 981 1859 393 3 
2 276 
47 632 2633 528 17 67 3724 157 975 
152 
86 20 380 26 40 3779 109 11 1677 171 
4 499 1899 1858 225 
272 1 468 105 16 230 32 2314 135 129 3780 109 3781 2044 131 1264 380 106 1494 950 17 20 3782 57 20 51 429 6 288 230 67 171 454 
2 39 940 624 6 1210 20 
25 67 428 881 2 99 3783 2 147 54 100 213 
500 514 3784 6 11 3785 
91 20 2922 6 26 2923 975 
161 64 1064 2 897 2 205 6 896 57 2 1497 67 794 
795 
2 
17 57 479 
161 514 38 1395 25 11 3786 
158 1057 3787 6 206 109 117 1538 255 1039 67 829 808 
2 3788 408 3789 57 226 115 32 3790 17 57 1406 846 71 11 3791 58 30 164 1301 2952 2 46 251 2895 6 3792 100 
758 64 805 
151 152 501 1659 
276 64 202 6 3793 
3794 975 
152 500 3 4 303 2823 6 3795 67 2182 30 67 3729 354 235 
164 3573 3796 504 115 3797 17 34 20 46 145 16 642 276 206 395 
67 1900 286 58 6 54 80 64 39 17 87 64 39 90 322 67 760 3646 30 860 291 67 902 30 1818 
757 67 760 3646 30 860 
11 12 1668 
64 39 230 16 25 298 299 1413 30 57 428 
2 17 67 1344 25 67 59 1090 46 3057 6 57 
2 221 897 64 533 6 67 171 149 57 2020 
100 39 95 2020 
64 17 2 533 6 1832 
975 
161 64 49 20 86 32 1178 17 3798 3159 
168 300 432 1200 57 128 30 697 3345 504 1037 3799 67 3800 505 84 3801 57 479 
161 147 232 502 174 74 57 2020 
393 3802 289 109 199 121 17 618 25 16 230 106 2168 30 3803 3804 
272 23 1064 202 1681 17 316 235 80 20 101 
4 158 12 17 2 221 2072 87 3805 20 101 127 6 82 87 412 20 101 230 300 36 419 221 1400 20 6 3806 
2 670 25 199 
1 2 3 2 839 20 11 97 2 585 221 77 
2 221 54 80 2 39 
44 2 175 20 67 763 486 50 519 32 521 44 6 87 517 91 334 484 93 
975 
152 485 785 30 67 970 30 3807 2001 131 1590 9 3808 
221 7 6 206 3809 272 23 1064 16 
552 453 3810 6 3811 100 1 71 272 3812 57 2020 230 16 
64 3813 32 506 157 16 2033 479 
500 73 1109 724 2619 17 552 966 109 32 900 2020 2354 
2 3814 20 897 4 32 3815 412 71 500 618 647 2366 3816 
2 1217 288 303 420 6 3817 32 3159 64 175 199 71 67 1869 660 127 105 57 3647 92 
67 3818 17 67 3819 412 261 1171 57 394 157 334 484 93 17 593 123 20 101 252 380 941 3820 20 3821 479 
161 51 115 45 67 636 157 25 796 385 724 
67 1103 3822 17 67 3044 3823 453 115 1292 17 67 1764 109 67 3824 1483 39 3825 
252 51 115 164 3826 
749 
3827 151 30 74 67 1563 14 3828 
67 3829 25 224 975 
152 67 1866 1867 3 
17 216 4 25 100 2 567 44 522 1282 981 1859 67 255 30 1065 16 57 479 
161 3812 57 2020 38 230 199 
64 1211 303 
756 660 9 3647 59 1413 1752 44 522 44 479 
161 171 
757 57 1546 2020 
2 501 
500 468 6 16 3830 
109 2541 30 158 2716 3831 6 16 64 1317 4 304 20 276 1052 9 3832 
32 2829 2332 1211 303 3833 322 32 2829 1782 291 67 3834 30 860 
32 2829 3835 39 303 3836 105 817 57 2332 291 218 23 51 3837 
91 295 67 3838 84 1381 67 3835 6 67 2332 51 164 3551 131 2332 51 115 3839 
91 295 1051 105 57 2332 51 26 3551 57 26 3835 446 206 1381 105 817 17 51 164 3551 30 67 2182 30 168 3840 
1181 3841 101 395 113 114 115 395 3842 67 3248 274 275 
57 25 26 27 58 67 1895 3843 67 1869 504 3844 
114 20 164 873 30 80 20 567 114 115 109 57 2399 479 
161 
2 1924 11 425 109 11 755 17 332 289 6 57 3845 307 847 275 91 123 67 561 1653 48 30 3846 340 2707 17 958 1976 541 3847 396 157 3848 17 67 3849 30 3850 1485 3851 
2 2494 201 44 552 751 3852 3853 6 67 3854 2131 25 3855 32 3856 51 966 48 232 3857 17 966 32 3858 3859 2181 1173 
2 2494 67 3860 64 1516 105 67 3861 216 552 395 32 3862 157 67 3856 17 3863 32 666 3864 1822 105 817 17 201 100 39 2721 1383 3865 230 32 2239 3866 
295 2 332 30 67 214 48 2122 372 3702 2140 17 2123 697 1553 108 3867 541 67 3868 3869 30 67 1124 216 67 3700 110 2071 3870 354 697 1782 1015 17 67 2308 3871 17 2332 554 17 67 2223 1244 3872 2091 67 2219 2220 
17 2 2494 57 334 335 109 67 1224 123 3873 3874 30 3875 3708 3876 57 64 164 479 
500 2 175 235 4 1991 57 67 306 2 77 273 145 1055 30 1173 
20 202 1681 17 240 87 20 46 251 48 73 16 17 36 276 2 
272 393 49 3877 
316 235 80 20 101 881 
168 164 1187 3878 57 20 221 77 
2 54 57 20 46 896 
2 54 226 429 566 880 
1858 337 2091 17 966 199 700 105 1227 2303 
556 787 114 1598 553 975 
161 23 24 17 36 51 2 
9 29 30 286 58 3879 6 457 
151 618 127 3880 25 500 
34 272 146 145 2926 2 276 23 49 
153 251 48 87 67 1115 827 39 90 17 123 2 288 21 48 
232 105 1 2 175 11 12 
1164 202 502 
50 51 73 44 149 30 9 44 2 46 682 
500 20 54 80 20 46 2578 16 34 20 301 67 97 322 885 
109 67 1067 757 221 20 435 127 57 3325 3583 
72 67 1936 1229 50 3881 
500 1596 499 3302 
479 
161 64 954 28 647 210 71 252 208 32 1833 286 2 46 288 73 100 
756 51 1836 2282 2172 6 788 487 57 2387 17 230 67 1869 2172 58 2172 
