0 1 2 3 
4 5 6 7 6 8 9 10 
11 12 13 14 15 16 17 18 16 19 
20 21 22 23 24 
6 16 25 26 27 
28 29 30 31 6 32 33 
34 35 
28 36 22 17 37 
38 39 11 40 6 41 42 43 
44 45 44 2 46 47 48 2 49 50 51 32 52 30 53 
2 54 20 30 55 17 11 56 17 57 9 58 11 59 17 57 60 58 11 61 62 63 64 65 6 66 16 
2 54 67 68 69 17 67 70 69 71 72 73 74 2 75 76 6 77 
2 78 79 80 2 81 82 80 2 83 82 84 11 85 86 82 87 52 30 88 2 89 82 87 2 39 90 91 92 93 
23 94 25 67 95 96 97 53 44 63 6 56 32 98 99 100 
71 20 101 102 103 73 104 105 106 107 108 109 67 110 23 111 
2 112 
57 113 114 115 116 30 32 117 118 119 2 39 120 109 32 121 109 67 122 25 67 68 123 124 125 126 16 127 
100 39 128 30 129 130 131 132 36 133 57 133 134 132 135 32 119 
100 136 137 32 138 
72 80 11 139 140 141 142 17 4 136 143 144 
145 16 146 20 
20 147 75 6 148 149 145 150 151 152 23 24 71 153 7 6 154 109 155 30 67 156 157 20 
20 114 158 159 160 161 162 17 163 25 164 
165 166 167 
168 29 30 169 170 171 17 172 173 
20 174 175 16 57 158 176 39 177 178 179 180 181 17 182 183 184 185 186 187 188 
20 83 25 67 189 190 191 17 158 88 58 32 192 193 194 195 
57 196 32 197 2 198 199 
200 201 73 11 85 
34 2 202 6 203 204 2 205 6 206 105 67 21 48 157 183 
207 208 36 209 210 200 57 2 46 211 6 212 213 206 214 109 44 106 215 216 11 217 21 218 67 219 
23 220 
2 221 54 149 73 158 85 109 203 222 36 223 30 183 86 109 67 224 23 225 
226 227 228 30 55 84 229 230 20 25 70 71 64 231 232 48 38 149 222 233 234 235 218 57 207 109 236 
237 20 238 73 67 239 20 240 25 67 69 71 50 241 115 76 6 242 243 30 67 244 17 245 17 246 17 247 17 248 17 249 
250 114 6 251 158 159 10 252 
25 67 171 30 55 226 253 162 17 254 163 158 217 71 20 146 114 149 255 174 28 25 158 256 
162 58 257 17 258 17 163 58 259 17 258 17 260 261 73 262 263 264 265 20 86 
67 171 266 267 16 2 268 
2 46 269 270 57 271 252 
20 54 272 1 24 34 2 101 20 2 273 7 6 202 6 203 157 32 274 275 
67 171 276 214 277 17 20 148 32 278 
2 221 54 149 73 53 71 50 279 280 57 278 17 52 281 282 282 
2 283 284 
285 286 109 67 287 157 100 
50 279 280 57 67 286 6 288 58 6 202 289 290 67 43 291 20 232 6 67 286 57 292 20 67 293 294 17 295 100 74 296 289 6 20 
34 2 297 144 298 299 153 300 301 302 290 303 104 304 305 2 77 306 82 303 
153 202 6 203 109 67 307 17 240 34 2 78 251 213 
23 112 44 308 309 
20 310 206 32 311 312 23 313 71 28 136 314 44 32 315 
316 16 6 317 67 318 20 319 57 20 77 16 
316 16 87 2 75 135 6 20 200 57 320 311 44 20 319 321 322 323 324 325 17 326 327 34 26 17 328 329 
2 330 11 331 17 332 30 333 44 23 51 115 57 334 335 109 336 91 23 337 48 17 2 338 6 339 67 340 44 32 341 342 
20 86 343 344 105 32 345 335 103 346 82 347 348 349 350 351 
20 86 352 353 354 32 355 356 
20 86 67 357 30 358 359 360 361 67 349 362 363 
20 86 364 105 32 365 366 230 67 367 368 17 67 369 370 371 372 67 373 105 67 374 
20 86 375 17 376 377 17 378 379 380 32 381 382 383 
17 28 32 42 384 230 385 386 109 158 387 388 109 67 389 30 32 262 390 391 392 
393 94 
394 157 57 334 138 272 20 395 16 396 135 32 397 398 399 400 82 106 401 157 32 402 403 
320 404 405 406 73 16 394 67 128 286 2 407 408 
131 58 
32 409 410 411 412 2 413 393 414 415 51 406 109 134 394 87 23 416 
74 417 86 409 2 418 222 87 419 420 58 409 
20 421 
23 422 
221 20 240 57 164 412 423 87 23 416 291 23 58 395 6 420 100 
20 


20 241 395 16 420 270 409 394 6 424 20 290 67 425 230 103 
218 23 51 426 2 13 157 32 427 428 
252 132 6 206 429 6 288 82 319 
430 431 134 39 136 109 432 149 30 32 433 157 16 6 288 67 434 286 17 435 393 436 17 361 199 437 438 67 439 17 440 199 441 442 443 17 316 199 57 2 39 444 2 51 445 199 



91 100 446 206 447 6 448 199 449 2 113 450 451 11 207 452 
453 11 12 49 103 73 454 109 67 171 
11 450 455 109 67 307 218 2 51 115 456 6 457 32 458 459 460 109 6 67 190 109 461 6 462 207 239 84 101 304 6 54 17 463 272 161 39 67 68 69 
464 39 465 67 122 17 44 466 44 2 467 64 468 17 469 16 32 470 471 16 127 
2 472 100 230 67 473 474 475 17 295 476 6 477 
0 464 2 49 
72 87 2 478 
209 307 479 
161 64 24 
4 480 6 240 20 289 
20 101 388 32 481 482 34 20 221 140 11 102 36 483 123 20 101 109 38 484 93 
2 485 32 486 487 109 67 488 17 141 489 127 2 175 235 
2 490 491 200 
492 109 67 69 
303 300 200 483 
32 493 30 494 101 495 157 20 92 93 57 446 206 496 
57 39 497 125 483 17 32 498 30 499 32 479 
500 499 56 39 84 231 115 38 91 
419 501 16 34 20 101 25 158 502 71 2 300 112 
235 503 502 
2 49 
303 216 64 504 32 505 17 32 506 105 507 508 
509 158 510 479 
161 2 511 20 147 420 6 206 512 513 20 101 17 36 2 49 67 450 286 57 514 6 11 425 
28 90 491 464 2 515 235 
2 221 420 6 240 492 157 32 493 30 275 
200 295 516 135 20 6 316 16 87 517 38 484 93 
168 67 450 428 109 11 134 50 518 519 32 520 521 
522 483 67 69 523 524 
20 514 109 73 385 525 17 13 14 109 158 473 121 57 128 109 67 526 
20 49 103 73 120 51 527 25 67 70 69 483 17 51 32 493 30 528 17 529 38 
39 2 530 464 
303 6 531 530 
20 147 532 100 17 218 32 428 20 533 6 534 135 20 39 535 48 
20 39 136 536 123 479 
537 479 
538 17 497 125 514 109 
57 446 206 32 539 218 540 525 483 
419 395 155 238 73 201 20 101 536 541 67 542 419 395 57 100 446 457 32 543 6 544 20 
295 483 2 413 20 51 155 52 30 32 119 
20 545 546 135 17 547 230 158 548 17 549 550 
36 497 125 64 49 551 552 78 553 230 57 5 105 17 533 17 554 20 380 67 555 291 20 126 127 
556 115 557 74 210 479 
161 558 20 559 560 123 20 126 127 73 561 17 80 101 20 
67 562 563 32 138 73 100 218 20 426 71 516 457 11 564 483 57 20 565 566 87 567 206 568 530 479 
161 
0 32 569 464 2 49 
72 32 570 487 11 140 
2 571 32 521 17 147 54 80 516 115 82 87 516 115 90 
46 20 212 16 114 155 572 
4 32 138 573 30 574 
30 55 483 
201 149 276 20 148 
32 493 30 575 276 288 2 175 235 34 20 114 57 149 
57 276 206 576 483 
34 250 300 577 32 578 135 67 59 579 580 153 301 100 322 67 447 
64 581 582 16 
583 584 39 103 2 585 586 303 288 291 2 51 587 6 588 272 161 589 
2 51 65 109 67 590 591 25 298 299 67 592 593 17 594 57 11 293 589 44 595 596 
597 39 598 599 380 11 600 17 57 11 159 601 256 602 39 67 35 603 2 586 604 
2 51 605 67 606 607 105 131 2 51 395 67 608 609 17 610 67 611 14 67 612 
128 30 11 613 109 31 6 67 68 51 115 6 240 34 2 614 301 572 380 585 615 32 616 
2 617 618 109 11 619 620 
252 39 136 32 259 621 30 572 426 
100 446 334 16 291 2 594 32 10 6 622 105 430 83 623 
241 140 218 74 2 175 464 
2 413 2 114 624 6 334 16 291 2 301 14 6 67 171 
34 492 625 157 16 20 626 627 16 222 484 17 221 54 80 2 408 
117 209 483 64 268 
153 457 26 628 57 232 157 20 483 17 303 212 105 50 629 331 105 20 
11 630 455 39 25 106 180 631 48 30 632 17 633 322 11 634 635 275 32 636 105 637 638 167 80 20 46 301 32 209 639 34 20 114 67 572 6 640 157 100 17 67 428 6 641 157 100 17 2 51 261 
2 511 57 642 30 430 85 446 206 627 643 109 67 636 17 2 147 420 6 7 527 25 67 70 69 80 516 114 6 577 67 644 591 461 82 67 122 578 
67 636 39 645 646 100 39 303 647 648 17 2 51 32 649 527 
100 39 32 539 218 128 525 123 2 650 67 70 69 
67 439 312 651 25 11 443 17 652 653 32 539 654 655 109 67 656 657 67 56 30 161 105 67 658 30 659 
2 660 11 661 17 662 17 663 541 67 664 665 361 67 666 667 668 15 67 644 591 
32 493 30 239 669 17 670 44 2 671 183 36 2 669 289 17 49 672 
109 32 673 674 
109 67 667 2 594 32 121 17 32 601 30 67 287 675 36 2 338 6 676 127 230 67 224 677 
67 678 679 101 680 6 681 71 252 39 136 238 30 32 682 683 67 684 17 685 39 686 687 67 688 689 30 690 691 361 32 692 157 32 334 693 694 
67 110 677 39 209 
67 695 105 696 39 5 697 10 17 67 698 127 109 67 699 39 522 109 700 
67 340 701 702 703 704 30 705 706 6 707 708 380 709 710 711 71 44 106 180 340 712 
713 
714 
2 586 316 57 100 51 115 715 
516 280 73 67 716 322 155 30 697 711 84 51 627 183 487 717 17 2 51 164 718 57 419 101 90 32 719 105 67 720 721 
722 51 503 723 157 32 493 30 724 278 25 725 726 727 17 728 729 39 109 67 730 731 30 732 67 733 734 735 25 736 737 672 272 
221 20 738 6 158 180 85 26 739 
2 618 127 6 240 32 740 741 388 312 230 32 742 743 32 744 745 425 17 746 747 167 748 
749 750 
2 49 17 751 6 752 67 607 
67 635 39 753 754 48 30 11 755 17 67 312 13 14 15 16 
756 141 6 114 32 238 64 49 
757 
758 517 
226 115 32 197 30 238 73 20 759 144 203 109 67 334 760 761 762 272 
642 30 67 763 139 85 552 54 51 67 764 6 316 20 
71 2 332 158 591 765 36 28 227 228 2 49 766 
28 109 767 768 265 2 332 20 101 272 64 3 
769 4 770 228 84 771 499 134 427 772 30 773 774 161 322 775 17 776 25 70 109 777 
200 34 250 300 778 48 30 158 779 780 17 781 6 16 157 262 782 91 20 457 487 157 158 630 783 250 784 103 6 158 785 
201 73 32 553 227 
2 501 6 242 109 786 
303 91 262 36 145 16 17 556 787 788 487 789 790 20 791 9 
38 100 58 
226 32 792 5 67 793 57 67 794 
795 
2 
58 218 20 
25 26 27 25 796 128 434 797 312 504 115 686 109 798 799 105 158 800 801 
2 13 127 802 
9 39 432 149 62 157 803 
87 51 272 115 127 6 
87 408 2 804 6 114 805 227 
2 501 
806 230 67 807 808 
175 809 105 11 810 811 812 
813 6 814 67 815 816 817 57 2 39 818 67 460 6 402 819 
820 192 821 822 157 11 823 
82 87 
228 618 824 
157 74 2 54 2 310 206 825 213 109 157 826 180 312 71 67 827 58 57 320 115 828 67 829 808 830 230 67 703 82 831 832 833 
2 834 289 109 11 121 17 554 230 835 
30 74 67 836 837 795 
838 
50 518 280 
2 839 20 11 97 30 840 44 32 841 57 226 303 32 842 30 843 109 100 
228 618 844 845 
34 28 566 846 556 787 206 456 
847 6 128 20 626 106 848 17 250 148 32 849 
850 16 32 619 200 17 851 16 44 158 173 
164 9 208 32 852 
853 854 62 34 168 35 855 856 17 50 627 624 30 67 857 109 224 428 6 54 57 250 206 787 487 230 67 180 799 2 858 6 240 11 859 123 419 860 20 14 6 67 794 
795 
2 
861 6 862 32 274 863 
0 227 2 49 17 864 760 865 6 202 105 230 
34 67 866 86 388 157 16 516 787 202 14 6 11 171 17 240 57 306 86 352 867 91 419 438 127 67 868 30 697 869 
870 2 871 320 300 872 16 106 873 30 201 2 46 47 32 874 30 32 197 30 572 
