272 
67 875 57 876 25 16 290 67 877 51 74 67 878 879 30 32 412 84 504 20 109 67 880 
769 881 
2 882 652 230 32 883 332 157 11 159 42 333 884 109 885 230 32 719 109 67 714 
838 
838 
87 58 67 886 
67 875 887 109 168 888 30 889 890 
87 105 891 517 6 20 
50 115 892 157 20 222 540 525 
80 114 20 115 892 
38 30 55 
109 697 636 
109 402 819 
272 758 880 
303 32 649 893 6 206 109 62 34 100 39 35 116 30 32 894 214 109 803 
168 32 138 432 895 6 896 151 2 49 71 103 514 127 17 2 221 897 2 46 202 541 230 100 
109 898 2 54 2 78 202 541 230 100 
252 39 128 30 129 899 131 47 32 900 134 428 75 135 32 901 902 
103 514 127 
67 875 200 32 903 904 905 906 
103 533 14 20 907 
20 240 272 50 115 546 6 158 85 
908 909 192 910 72 87 533 14 
25 67 68 69 
2 65 48 67 911 17 594 57 11 912 913 914 290 915 916 32 209 917 30 100 144 67 918 
919 537 175 16 74 73 100 
20 533 6 67 68 51 432 149 6 553 126 127 73 761 525 128 900 920 218 20 51 921 6 922 16 17 126 127 546 923 17 295 924 48 
200 2 251 28 289 109 298 299 17 100 168 11 925 
67 875 926 109 32 927 131 567 114 115 32 928 82 32 929 30 930 931 
2 932 67 180 875 30 933 44 934 25 935 361 67 522 936 937 938 30 774 161 
151 2 939 300 455 549 32 940 30 941 
4 444 2 942 20 127 71 306 114 115 943 
2 300 78 202 541 230 100 
153 896 123 2 240 20 
556 787 
17 67 944 30 67 945 426 11 946 947 
123 2 468 144 11 12 39 948 230 32 949 109 199 950 131 39 951 322 952 
953 272 
23 954 
556 787 297 6 158 171 955 17 303 202 956 127 957 958 959 417 109 960 
20 626 141 32 40 
2 961 11 962 17 963 109 57 461 32 964 965 131 966 16 2 967 105 32 968 959 969 157 67 970 
1 2 313 
2 221 148 6 316 20 57 4 106 971 972 
200 57 756 141 67 973 487 2 974 556 316 16 87 20 566 897 30 16 17 151 
975 
161 976 977 744 
2 241 978 157 979 957 980 213 23 49 
123 23 39 25 981 982 552 568 199 983 157 573 71 303 157 427 
252 241 39 32 286 109 984 127 6 17 985 986 57 23 273 987 67 988 157 
123 23 959 989 152 100 39 32 990 991 6 199 992 
23 51 164 85 
32 117 993 994 157 74 57 100 995 206 996 109 997 30 383 2 24 
17 200 87 288 20 897 30 16 
23 485 32 427 998 30 199 553 17 834 999 
28 1000 1001 17 1002 272 1003 1004 17 1005 23 545 17 20 54 100 
34 20 565 36 1006 179 556 522 2 221 54 
226 103 73 20 72 522 218 20 820 16 322 11 1007 2 1008 6 1009 213 17 295 2 1010 20 127 
226 164 133 1011 109 20 272 168 303 895 6 135 20 71 20 241 101 1012 1013 119 
87 20 319 58 1014 105 67 1015 2 225 
71 216 101 105 67 318 2 273 531 989 152 67 862 6 32 1016 1017 
57 1018 1019 1020 230 67 1021 1022 1023 17 67 1001 437 1024 1025 16 14 
64 504 35 540 1026 109 67 287 17 74 30 183 1027 230 2 
218 67 450 1028 1029 556 114 429 109 1030 71 158 1031 17 1032 420 6 301 1033 230 57 157 32 1034 
1 1035 
20 1036 57 64 1037 504 100 23 49 
72 201 2 39 450 1038 6 235 1039 67 1040 163 
2 39 1041 44 32 61 17 64 1042 11 700 17 175 16 2 39 104 117 1043 
17 1044 67 874 30 32 619 6 16 2 871 
522 23 501 218 32 1045 
87 288 20 566 897 30 16 
2 897 1 57 28 1046 1047 17 1048 
74 540 86 11 1049 71 419 86 1050 20 6 47 32 940 30 941 
1051 504 65 6 1052 20 131 58 1053 157 26 1054 30 1055 324 174 20 301 183 546 73 1056 796 30 74 158 1057 
20 148 87 763 417 148 1058 32 502 



34 9 58 32 1059 127 157 1060 67 862 58 164 
23 1061 1062 
1063 100 
2 1064 
4 1065 20 67 843 303 549 32 1066 25 20 
552 46 238 155 739 73 20 109 67 307 
109 67 1067 2 897 153 1068 109 
4 117 535 32 539 530 17 50 51 32 1069 486 
23 1070 16 32 1071 21 
202 105 127 272 23 49 
153 966 1072 306 1033 
250 148 158 1073 157 67 307 34 2 54 151 152 
1074 380 1075 17 67 1076 30 1077 1078 2 594 87 39 407 67 1079 591 230 32 1080 1081 30 1082 30 1083 17 1084 454 985 128 1085 17 74 67 1086 157 549 534 44 1087 44 1050 106 403 
2 39 1088 109 67 307 380 32 700 105 11 555 
100 39 1089 1090 
556 787 301 127 17 966 105 158 1091 17 1092 1093 23 24 1094 
1095 
152 58 1096 17 975 
152 58 546 230 975 
161 109 199 437 
1097 1098 
153 319 36 17 240 38 23 545 
1099 14 1089 
2 1100 
23 1101 105 67 1102 30 67 1103 17 618 25 16 1104 
322 200 105 1089 2 313 306 86 5 6 206 22 144 38 
2 146 1105 6 87 58 372 558 28 180 624 6 54 87 28 90 17 36 408 2 
34 20 420 6 8 105 17 566 145 16 541 32 895 428 153 1106 158 1107 
34 556 410 202 17 2 273 1108 20 153 640 20 1109 1110 1107 109 1111 17 20 46 1112 48 
71 2 78 206 1113 73 20 17 158 1114 123 2 114 32 1115 1116 6 698 127 38 
276 20 202 82 8 
67 505 332 157 32 970 295 1117 1118 199 1119 17 292 16 67 450 1120 1121 2 51 1122 222 11 1123 322 67 1124 
153 8 479 
161 23 49 
17 864 32 471 16 127 2 469 157 20 
787 553 100 91 20 240 67 1125 
1126 
17 2 1127 100 17 100 1128 168 1129 276 1130 16 
200 153 202 17 1009 1095 
152 34 250 1131 16 11 1132 1133 17 0 
1095 
152 39 1134 230 1135 1136 127 17 14 11 1137 
64 618 744 739 1138 1139 265 67 486 91 17 132 6 206 109 1140 1141 1142 
2 1143 25 67 1144 1145 11 1146 192 1147 1092 1093 17 184 1148 11 293 1149 6 1150 235 1151 48 30 67 59 157 120 232 1152 11 1153 
240 38 161 64 49 1154 
101 261 239 30 67 287 2 1155 
306 78 202 105 135 9 
2 39 127 74 335 230 151 
28 303 1156 25 74 522 20 54 180 312 
2 13 14 109 67 526 30 67 1157 667 17 618 127 25 235 32 1158 131 292 16 32 1159 785 30 1160 109 1161 230 67 1162 1163 
1164 303 1165 1166 989 2 49 
1167 20 300 1168 1169 87 20 897 552 995 288 
393 1012 16 17 137 303 1170 20 152 1171 1172 
20 1170 151 17 23 1012 20 
642 30 1173 974 32 1174 
631 100 74 272 101 1175 
1072 306 1176 20 54 17 552 567 300 44 522 443 183 
552 268 57 67 761 30 1173 995 288 44 552 1177 17 164 895 1114 
2 414 
989 2 49 
87 20 319 39 1178 44 30 92 648 71 34 1072 306 46 1176 419 46 1179 1180 1176 
1181 20 17 11 12 1182 6 288 58 158 159 1183 71 4 1184 34 2 1185 6 1186 199 6 1187 11 502 44 32 636 30 1188 17 4 1184 34 153 212 199 1189 67 318 30 1190 
36 951 44 151 58 1191 305 82 303 23 58 109 1170 230 16 4 164 1192 109 1170 230 199 17 4 1184 34 153 1193 1194 6 1195 67 1114 30 32 979 957 425 84 1196 67 988 157 270 109 1197 127 6 17 985 986 213 1198 
2 78 1186 20 6 238 57 10 73 11 12 161 
168 1199 1200 1201 17 1202 552 261 54 57 1203 86 67 10 186 1204 47 183 17 429 46 206 805 73 100 
38 114 32 553 
2 1205 
9 58 74 1039 67 1206 30 32 1207 
4 303 1208 230 20 
4 1209 20 
2 221 1170 151 17 2 221 1210 2 518 1211 
34 20 974 6 1212 48 30 158 1213 72 158 1183 
17 168 1214 432 518 222 57 335 25 67 224 747 1215 64 49 
221 1036 57 2 582 20 152 2 3 
44 32 1216 312 20 114 1217 627 951 767 265 57 
20 78 1218 16 157 1219 30 1220 558 74 298 299 58 1221 30 1222 1204 17 558 100 273 145 158 1023 
157 67 278 4 1223 6 781 6 270 44 32 10 48 30 9 1224 
64 1225 109 499 350 1134 
67 761 30 1173 276 114 6 238 100 290 64 49 44 466 44 2 114 57 553 20 1226 16 
1126 2 268 
67 454 86 109 1227 437 
1228 20 54 67 10 787 265 2 288 
153 435 158 1229 
393 39 1230 127 109 32 1231 761 1232 1103 1233 32 1234 30 1235 1236 1237 
2 1238 51 428 6 1239 57 23 39 1240 32 410 1241 335 1093 123 2 468 6 1242 67 1243 1244 109 67 1201 30 262 800 1109 30 957 1245 1246 17 1247 
200 272 23 939 
758 74 9 1248 
2 582 32 316 1249 1250 30 1251 1252 25 11 1253 1254 17 617 1255 11 331 322 67 1256 
151 2 3 226 429 880 
429 25 74 
100 39 300 57 92 2 1257 57 2 614 202 541 230 100 
2 221 1258 6 206 1259 71 2 146 202 109 157 469 1260 25 11 323 
168 1261 
87 
975 
1125 1262 1263 1264 109 1265 
35 9 151 
1181 2 114 115 109 67 372 4 5 6 7 6 206 22 109 67 1266 
2 54 168 895 105 20 71 67 957 425 112 135 1267 1268 6 67 1269 
429 6 87 32 1270 30 1271 1272 446 206 6 20 272 881 
221 1036 2 114 158 997 
200 101 1273 1274 2 24 
201 149 
272 
11 12 1275 
168 1276 
30 55 168 1276 2 268 17 252 86 1277 123 168 1278 6 640 265 6 1279 
9 58 303 128 30 183 
151 4 303 1280 109 1281 289 129 997 
1282 183 157 32 1283 486 
4 5 6 1284 230 158 1057 
201 73 100 989 
20 1285 
975 
152 39 5 746 1286 795 109 67 1287 
288 20 897 57 20 46 89 32 1288 1289 16 17 11 1057 
164 11 12 504 1037 805 57 157 16 
64 1012 199 17 64 1290 16 57 23 1012 235 
50 175 235 57 260 1291 6 32 1174 71 2 146 114 11 59 1292 157 26 1293 1294 17 146 114 1203 1190 73 393 
419 46 47 127 186 1295 87 419 420 6 288 73 100 
20 101 102 1096 161 67 1019 617 1296 57 20 446 781 6 26 1297 1298 
578 
758 158 1299 
2 420 48 49 1095 
152 
1300 16 67 1301 30 32 263 1023 1302 1303 446 1304 100 17 153 301 109 32 1305 17 457 32 424 25 67 1306 1216 1307 
1308 115 218 16 157 32 493 30 263 
805 
2 49 17 34 20 135 153 114 67 83 1309 100 48 6 151 216 28 503 36 23 146 1187 100 127 432 1310 
87 73 16 
501 11 12 
2 332 989 49 64 1311 16 
758 158 1299 
2 501 
393 1312 17 67 555 1313 30 199 1093 1314 1315 
222 1051 1316 6 420 16 23 1317 4 5 6 297 144 17 240 67 1318 
2 273 981 67 1319 30 272 161 1320 6 1229 32 311 134 157 74 67 1321 109 67 1216 1307 
16 432 
1322 48 975 
152 
226 103 1323 824 5 105 38 17 4 5 6 8 291 2 784 74 67 1324 
252 39 32 1325 25 67 437 439 17 1090 1326 1327 385 1328 629 1329 1330 105 32 1331 535 1332 1333 1334 
2 332 20 446 410 114 158 1329 436 230 67 1335 1336 23 24 1337 109 32 951 432 1338 488 59 1024 
1329 58 892 157 1095 
17 975 
152 109 67 644 591 23 871 
17 44 23 1339 290 67 1340 17 545 6 1341 48 67 1329 306 67 505 51 67 1342 6 850 16 32 1343 
