32 1323 257 1245 1344 1345 67 439 30 1346 1347 230 32 1348 30 67 1349 57 39 1350 105 298 299 
749 168 20 
23 24 1094 
1351 2 316 975 
161 20 86 38 
17 757 303 
2 501 
23 618 25 16 1352 1353 
757 303 483 
23 113 114 1354 6 1355 106 352 9 307 
72 757 
80 1351 2 1356 11 661 17 662 1089 
2 501 1357 923 25 199 56 
1022 1358 101 1359 1089 44 1360 44 303 
67 56 58 1090 479 
161 23 3 17 1211 303 1361 6 1362 67 44 522 20 54 23 1363 
322 200 105 1090 20 1351 206 1089 36 951 44 2 408 1191 
17 80 1089 1351 2 1364 11 661 17 662 
109 67 1137 483 30 55 
232 153 1300 32 700 
320 115 1365 1366 
67 505 1367 647 1368 6 16 109 182 16 487 230 11 306 17 100 39 35 380 32 1369 475 30 276 57 2 1370 322 1371 57 1372 1349 67 1373 100 36 1374 1375 
9 10 479 
161 23 49 1376 36 2 1377 199 230 32 1378 1379 1380 131 1381 67 1382 749 
20 241 46 316 123 20 276 148 32 498 1383 1384 17 100 39 434 57 272 67 61 
51 115 1385 230 199 1013 1386 34 303 199 1220 
57 29 30 286 113 455 34 2 39 5 6 301 1387 109 11 214 541 67 1388 
432 1389 32 317 109 67 1390 17 1391 30 774 161 1392 567 1393 1394 
26 677 1395 1089 
2 501 
429 483 
67 1396 1397 6 319 57 60 51 395 32 1398 1399 17 586 232 502 204 
2 51 183 1400 97 6 67 69 6 316 20 
17 975 
161 44 2 49 1401 6 1355 199 352 
2 618 25 199 
9 39 32 1402 
2 1403 981 100 
17 67 1019 147 242 1033 
2 501 
235 
2 995 319 303 
975 
161 967 647 1404 210 218 527 17 1405 1095 
152 6 232 290 
1406 230 199 200 436 1371 199 106 1407 
23 1408 199 331 1409 109 67 1410 30 67 902 792 
641 32 274 782 790 2 676 11 1411 17 301 11 1412 1089 2 49 17 295 316 975 
161 1413 1414 34 20 54 87 2 907 57 2 114 751 17 408 892 109 11 2 1415 1416 25 67 591 
109 158 1137 483 23 268 
67 56 58 1090 
67 1137 39 128 30 129 306 2 114 241 1417 1228 558 2 241 1008 6 
252 39 32 1418 1419 1420 290 131 67 1421 425 30 32 1235 1422 1423 230 761 1424 1425 135 32 1426 109 32 1427 392 57 1042 385 522 1428 1429 
67 1430 101 1431 230 1432 127 6 32 1433 1432 109 1434 230 957 1435 17 1436 1437 1438 1439 1440 1441 1442 1443 1444 1445 17 1446 1447 1448 74 1449 1450 17 1451 1452 
105 67 1340 15 32 1453 17 1454 1455 39 32 1456 1457 30 1458 1459 
1460 67 1461 67 1430 101 1462 230 1082 30 1083 1083 664 1083 1463 1083 1464 1083 1465 17 1083 1466 643 
100 39 44 63 430 1467 82 859 51 1468 235 20 78 202 880 105 1083 180 1469 
1470 64 51 503 560 
109 128 526 30 67 1137 11 1471 340 950 1472 32 1235 1473 122 230 1474 1475 1476 17 1477 
1478 1479 39 1377 380 67 1480 30 32 117 259 528 17 1481 
6 11 1482 67 1454 1483 1484 35 1485 1486 1487 1488 100 446 
216 2 408 32 1489 157 1490 
136 26 1454 58 787 265 164 1454 
32 539 1491 144 67 1420 1492 67 1493 131 468 105 106 1494 383 1495 1496 6 1497 106 1498 1499 1500 873 30 1501 1502 
67 900 1503 39 117 1504 109 67 203 17 488 1505 32 1506 1133 591 17 2 51 1507 14 1413 1508 105 67 1509 1157 1510 109 1511 30 9 1512 1513 123 2 39 1296 380 106 889 1514 875 
2 319 161 1515 67 875 
2 332 552 51 268 6 206 1175 73 9 286 
2 1516 11 425 6 240 32 740 257 1245 1517 539 312 230 32 1518 539 1519 1520 1521 17 32 1522 1523 30 1524 1525 25 16 322 67 1526 
1095 
152 2 1527 
2 24 
769 272 514 32 649 71 1528 1529 875 322 1274 465 67 1019 17 2 432 446 135 6 54 87 9 1530 
58 57 20 1 
2 1143 
30 55 168 16 
84 1531 1211 20 1532 
128 30 129 1533 775 322 158 171 
1534 
1535 67 1019 1536 
87 73 151 
87 114 20 805 230 199 
9 1537 1538 332 
67 962 30 528 39 32 209 848 157 53 
6 1539 288 20 1105 
2 501 1540 32 1159 1541 361 11 875 
6 151 11 12 
64 1061 
552 268 100 39 1542 1289 67 761 30 1173 2 554 11 425 1543 
2 626 629 331 105 199 74 486 2 49 
2 221 54 80 23 58 17 2 1544 6 206 1042 1545 157 199 109 26 1546 
1547 158 21 48 303 632 
757 20 
67 1019 771 999 1548 16 230 499 1135 539 1549 
641 32 1550 989 67 904 875 1100 
212 16 269 9 
393 161 1551 999 361 67 591 17 942 109 67 1552 1553 30 67 1494 1502 
316 16 272 23 501 504 270 503 880 
11 12 39 32 1554 1555 505 230 257 331 257 1556 1557 1558 109 67 1559 1560 17 32 349 1561 1562 
23 39 1240 103 1563 1564 109 192 1565 230 32 369 1566 1567 25 67 1568 30 32 1569 131 1205 32 1570 1571 1572 
2 1573 57 23 51 889 331 32 1574 1262 17 32 1575 1576 
4 444 1 2 3 218 32 209 21 25 199 71 2 114 338 57 2 585 614 202 541 230 100 
288 20 907 6 319 1095 
152 545 35 6 206 1577 380 393 
212 16 269 235 989 23 1578 
556 787 202 
1406 530 
153 1579 20 109 67 307 
74 210 34 20 319 36 881 67 1019 1580 
17 206 304 6 1400 16 32 619 157 9 531 2 871 
1581 1582 17 87 303 
17 221 232 289 6 11 59 1152 11 1583 1153 
1095 
152 1584 32 1585 1586 17 1587 361 67 1588 30 67 1589 
11 12 1590 235 17 2 586 791 32 1591 30 1592 17 1593 1594 1595 235 105 499 10 
2 51 1596 11 528 17 1597 213 1598 91 11 12 1599 16 
114 32 553 
2 501 
164 1600 20 
23 1061 
1601 25 16 
87 288 20 897 
199 674 39 349 624 6 1602 1603 
20 114 1604 210 6 206 
57 862 2 51 594 380 1605 39 1606 
87 288 20 907 
23 501 109 155 1607 
769 0 2 276 114 32 553 218 74 
20 240 272 218 552 51 559 100 74 290 67 763 335 218 67 747 1608 1609 17 1257 201 552 967 73 100 74 67 761 30 1173 338 6 206 522 1175 73 306 
17 200 2 221 490 1175 73 11 12 2 49 1610 199 32 1611 128 
199 331 1612 17 199 1613 39 1614 230 1615 
109 1616 30 199 1617 23 1618 6 67 873 30 1619 1620 1621 157 199 1622 
2 147 897 20 978 32 1623 23 49 25 334 17 168 1323 458 109 67 486 6 47 32 317 200 
218 74 252 58 151 
57 39 67 1402 6 1624 67 1625 
6 874 230 151 
2 313 
516 410 1626 230 20 44 158 498 265 534 230 1627 152 109 847 1303 1628 
2 78 145 100 2 871 1629 
23 834 999 17 1630 
20 114 115 1365 626 20 
23 24 
30 55 2 114 
1395 109 203 2 1631 1257 87 32 1623 940 516 115 6 1150 1033 103 566 491 157 103 117 902 27 
36 2 1127 
432 149 
17 67 739 2 1127 67 739 2 511 57 2 39 210 17 57 100 39 38 80 2 1632 230 20 
34 20 221 420 16 6 8 153 202 290 6 67 488 69 157 67 335 
153 62 1579 989 152 157 20 235 17 499 743 71 4 1184 34 153 202 759 289 6 151 
1547 303 1633 
1634 2 90 
2 871 1635 157 67 1636 30 67 1335 30 1637 
522 23 49 218 32 427 1045 
1228 168 36 469 127 1228 556 787 202 6 1103 38 17 552 46 238 100 290 109 67 307 
74 30 1173 
2 554 11 425 
2 221 420 6 1638 26 739 1639 1640 105 67 1168 30 697 1641 1220 
34 20 420 57 1514 1642 1643 28 1291 6 235 71 4 1184 34 153 206 32 209 1644 73 100 
34 20 1645 153 1646 20 32 1174 71 2 146 1647 151 72 730 
1648 443 94 
23 670 
522 240 201 306 21 6 20 109 67 307 23 49 
200 39 67 428 6 1193 67 1649 1650 
749 769 2 49 
2 1381 502 32 1651 157 20 
2 337 290 6 67 1652 109 67 526 17 1653 67 1654 1655 322 11 1656 1657 
38 20 86 1 161 2 49 230 74 11 139 1170 
139 58 210 
71 23 1658 1659 25 67 1660 17 1661 1662 48 67 1663 1567 
757 272 168 1664 23 545 295 1665 105 16 199 331 1666 
58 9 32 1667 
23 1668 
30 55 303 
758 67 886 
199 309 39 560 
749 429 272 
429 25 74 
168 300 57 20 995 114 338 6 839 16 105 199 925 32 1567 230 199 1669 109 1252 
240 183 
1568 
1670 
713 
36 72 67 676 2 332 
2 995 114 1143 252 446 206 103 880 230 67 629 127 17 2 1671 213 157 303 120 512 6 1672 48 67 1256 
221 20 240 87 2 907 2 1673 82 113 2 1674 100 48 157 20 
155 428 289 123 552 101 1675 74 9 1175 1676 30 1677 17 308 2 966 109 67 461 25 1678 157 1222 925 1651 
1395 123 2 1658 100 127 67 1679 1680 25 16 64 423 158 1669 221 1027 230 1568 17 2 1631 511 2 614 202 1681 230 67 900 207 
36 2 1381 67 1567 289 6 20 44 32 1682 34 20 420 100 
20 46 288 87 20 135 73 100 
168 1214 
20 240 1 2 871 72 67 10 306 86 
4 1683 74 11 1684 
749 
23 49 
295 218 32 427 1045 23 871 1685 
2 221 897 23 24 218 1598 1045 57 153 420 6 242 9 17 4 951 432 1686 30 151 152 6 1687 199 
2 897 153 300 457 9 289 6 1678 17 301 103 1531 
36 2 51 1688 1689 
864 103 1531 6 206 5 105 230 2 175 199 
2 141 9 157 20 1202 1690 1691 82 622 17 2 1692 67 1693 1694 
2 332 100 446 202 230 57 1695 17 158 1566 17 34 20 136 420 6 1696 100 158 1697 1698 
23 1699 1700 1701 322 1702 6 1702 135 32 1703 57 1704 32 1705 
168 209 23 414 
272 168 36 209 
2 413 



252 39 32 1706 25 67 439 
100 39 1090 1089 
276 67 1335 206 1707 157 1708 975 
161 
23 501 
30 55 2 276 1089 2 49 
58 252 624 6 1355 
153 240 483 23 3 109 32 1024 131 39 1709 106 1710 6 1173 261 
17 242 32 1711 1712 109 158 425 2 871 
23 1713 100 289 6 16 
17 242 158 755 6 941 483 23 49 44 23 330 67 439 
272 
100 39 1227 700 1714 16 44 2 771 127 
212 199 202 
2 49 25 334 
168 11 1049 2 413 
2 626 115 1715 17 2 1211 47 32 274 1716 
322 200 105 153 7 6 206 32 138 739 1717 17 1718 
1719 423 2 114 715 6 206 1720 30 71 429 1721 


2 1155 
36 288 2 11 12 545 
34 20 



67 1722 1723 
23 1658 127 67 945 17 1724 157 32 970 1725 
769 1406 38 23 49 883 16 67 1726 
168 157 20 23 954 
168 151 1727 322 402 819 17 23 1728 1413 1729 
