161 162 163 1730 1731 388 1732 105 128 30 67 1733 1734 30 164 
165 166 167 
67 665 101 1735 1736 109 257 382 17 1737 957 1738 109 32 1560 1739 6 1740 1741 181 30 990 1742 57 67 160 39 456 17 1743 
67 505 25 67 1744 256 618 44 63 23 51 1745 230 840 322 1746 109 67 1747 30 1748 17 136 51 100 1749 1750 17 1751 71 23 39 1752 127 6 1753 109 199 171 1754 
749 479 
161 23 1755 109 32 1112 1563 875 226 32 1756 892 6 240 20 109 67 1757 591 32 479 
500 
1406 115 38 222 847 525 9 307 
1406 51 164 527 
2 1758 
23 554 199 425 
2 1759 11 1712 
552 78 114 697 1757 1760 6 1761 46 552 
1400 48 157 32 69 1762 17 155 376 377 
839 16 262 782 6 457 32 21 25 11 1763 17 295 1400 235 109 
123 67 1764 1765 1400 57 109 432 
2 698 1401 
23 1766 199 1767 331 465 199 1749 1750 6 532 57 23 1542 17 2 337 1768 14 6 67 1769 30 67 1770 6 80 32 479 
161 1771 25 16 1772 322 32 1773 439 
11 171 1774 127 6 11 1775 119 30 272 
100 39 106 1776 1777 30 67 1778 17 1779 1780 135 32 1781 30 1782 1783 17 1784 
252 101 1494 1785 32 1786 1787 1788 109 32 962 1789 1332 1790 106 1791 1792 1793 230 573 1794 1744 1795 109 105 1796 17 1797 17 1798 17 1799 17 32 566 209 1800 1801 1802 1803 1804 1805 1806 1807 25 1808 1809 59 230 32 1810 1811 6 896 84 39 84 109 67 1812 
67 256 2 39 480 6 606 39 1813 394 157 106 1494 1814 1815 131 175 16 57 100 39 1816 1817 712 
1670 
30 1818 1819 1820 17 32 1821 169 1453 1454 1822 17 1823 1824 109 1825 17 1512 1826 1827 
32 1828 48 67 389 292 16 32 1829 1250 30 67 1830 30 1831 1832 
252 39 32 1833 1834 1835 105 67 962 1836 30 67 256 131 1837 479 
500 1838 1839 32 
1670 
446 303 1168 207 
276 641 
2 1840 128 30 67 1457 30 1841 1842 1811 67 1102 30 67 256 17 32 439 1345 6 1843 32 1844 1845 109 32 530 1846 1847 
769 479 
161 
1848 114 479 
500 1044 109 2 49 17 123 64 296 1849 158 1850 17 457 32 1851 1852 30 697 1853 17 1854 758 158 56 
23 1516 199 522 1855 1856 
4 1857 722 11 1007 1359 16 1858 218 261 30 183 1858 981 1859 6 20 
117 522 981 1859 316 479 
500 153 240 235 200 
32 970 1860 23 1861 1862 32 1650 109 199 1863 44 63 100 39 32 1626 1864 
304 20 420 6 240 9 
23 501 
67 1650 1837 479 
32 
1865 
500 1866 1867 
1868 1869 30 1479 1870 
838 
701 30 1871 1870 
838 
1809 59 1872 1873 402 819 1874 1875 
1876 
30 55 2 3 50 115 1877 235 157 155 428 
32 
1865 
500 39 1878 71 303 1879 32 698 1564 1880 1881 17 1882 1883 312 30 73 1884 262 230 57 1885 1886 1887 6 1865 
1888 1889 131 279 1890 16 73 67 794 
795 
2 
209 93 479 
500 2 49 1891 17 87 46 2 288 157 67 794 
795 
2 

500 554 11 700 485 32 1892 1893 32 1454 17 1699 32 1894 1828 290 499 555 25 1858 1859 84 39 1895 1896 1635 1033 25 32 1897 1898 
749 72 11 1899 2 99 
2 279 114 199 457 32 1852 30 1900 1901 109 9 171 
2 1155 67 1898 266 1902 20 479 
500 
34 168 74 210 230 20 168 74 210 230 16 64 49 1903 
2 332 1228 556 410 114 9 1904 
303 109 67 796 2 3 
981 1859 58 67 1905 30 1906 17 2 46 1907 429 552 586 238 73 57 2 273 420 199 6 791 
67 797 312 618 44 63 64 39 1908 290 305 64 205 6 531 885 157 1909 
419 453 1910 235 9 128 109 67 794 
795 
2 
1911 30 1912 1913 1914 1915 17 877 1916 
380 67 10 479 
500 2 871 2 300 587 44 2 514 109 57 320 115 892 157 16 222 847 9 307 
168 218 540 200 36 2 485 67 1917 30 1595 48 157 32 1762 17 155 377 157 20 
2 332 20 567 135 32 66 30 527 216 20 86 546 230 16 
67 1866 1867 618 44 1918 44 63 64 51 594 1919 1920 105 67 1921 1133 71 64 669 1922 
38 100 58 200 2 24 44 252 39 32 1706 105 67 439 17 32 1923 388 1469 1924 106 1925 1926 570 30 1927 1928 17 377 109 1511 30 479 
500 
200 20 202 210 1681 17 1355 158 527 2 1064 
1929 16 157 26 1930 109 11 1931 17 20 1351 114 100 
17 30 55 153 114 981 1859 1400 32 520 1932 30 697 238 6 20 25 794 
795 
2 
861 380 1933 1763 
450 30 74 34 20 221 140 446 20 532 16 158 832 1934 17 212 981 1859 457 14 67 1935 17 36 105 
168 279 1936 6 966 1072 306 109 67 1852 208 100 
67 797 312 1937 17 1692 32 1938 856 1650 520 230 1920 1935 1919 589 17 32 1939 131 446 114 1940 499 1941 1942 105 1394 30 83 1943 
2 1907 479 
500 2 24 57 320 51 715 30 428 109 67 334 262 762 6 1944 659 30 11 1945 73 1181 100 58 20 897 419 567 54 73 11 207 
64 618 127 405 1946 
2 501 32 274 863 64 225 
9 58 300 106 1947 1948 
429 157 1949 1950 1951 1952 
2 147 135 57 334 97 
288 20 897 2 205 6 531 11 849 109 91 2 1953 230 697 238 
2 501 
2 1954 158 1955 6 1949 1950 1951 
36 951 2 221 62 54 87 20 974 6 240 16 73 17 20 114 300 395 32 1956 1957 109 1511 30 32 1958 1959 
58 57 67 10 1865 
1888 1889 1960 499 1961 
2 522 232 105 500 1164 301 105 230 100 
2 1296 
4 32 1962 312 17 320 1350 262 762 30 67 428 11 1963 145 6 640 157 300 892 6 457 739 30 11 428 
64 1653 32 192 1157 1850 48 30 499 1657 17 1964 100 
67 1869 39 501 6 1965 20 479 
161 105 1966 30 1598 1967 1968 
131 
1969 1970 
1971 
712 
795 

67 838 
596 
1972 
164 483 100 39 642 30 129 
4 303 25 1917 6 316 20 131 128 
2 408 585 1973 6 1929 20 87 20 54 73 1870 
838 
838 
561 17 1974 1975 109 67 1976 110 
2 834 289 17 112 
200 2 301 100 2 49 
72 714 
1875 
2 17 57 1977 1978 1979 124 125 1320 6 1690 67 224 109 67 1980 30 402 819 
100 74 1981 289 6 32 119 2 51 216 2 39 1982 25 67 68 69 484 93 
103 73 67 1870 
838 
838 
561 104 1983 127 487 67 1124 
125 39 252 123 2 126 127 17 2 671 32 274 1984 73 11 119 91 2 39 1985 1986 34 20 54 87 2 907 
72 74 252 58 6 100 479 
500 
67 1866 1867 395 32 1935 30 1987 1988 109 499 1850 
1600 20 117 149 479 
161 64 49 
164 718 250 206 76 6 896 306 34 11 1989 416 6 531 20 109 
2 221 897 11 1989 1990 109 130 
303 57 52 30 119 
303 109 224 428 
2 112 1366 
4 1991 2 78 145 57 
36 951 44 2 408 1191 67 794 
795 
2 
46 1210 109 11 119 82 297 100 109 67 1992 
500 1993 
168 303 576 1895 230 714 
1875 
2 82 763 1994 1995 64 49 
419 241 316 1173 270 
67 255 230 158 119 1316 6 206 57 67 1803 1996 208 804 6 54 57 67 1870 
838 
838 
561 58 109 1997 17 57 67 340 701 504 51 164 97 322 199 222 334 1998 
221 212 57 267 20 2 49 
34 23 39 1387 45 67 1999 2000 242 1793 2001 2002 487 2003 
749 
500 24 
714 
1875 
2 
147 319 270 73 2003 
1600 20 479 
161 
522 206 109 2004 230 20 487 17 105 
64 1117 117 2005 554 755 1366 198 16 157 67 1764 669 6 981 1859 17 395 32 746 1286 32 2006 
499 2007 2008 1033 14 67 1770 
981 1859 2009 291 64 39 48 30 2010 295 468 6 16 
20 1719 1184 940 
23 49 2011 
20 51 235 2012 291 20 559 73 2003 
757 1211 20 1843 270 
2 618 127 25 199 1509 649 443 
36 320 395 32 2013 48 30 16 
2 2014 20 127 17 14 
781 272 67 794 
795 
2 
114 115 74 290 67 2015 222 634 92 
552 101 2016 303 6 2017 32 97 6 20 
252 39 106 1867 892 6 2018 16 123 2 141 502 334 335 
2 175 235 556 115 2019 67 2020 1769 230 16 
20 175 235 2 39 802 
304 
757 303 
64 2021 1280 109 11 1391 
2 175 235 73 697 636 127 109 67 2022 17 292 20 32 520 848 322 2023 1368 30 207 291 484 648 
17 200 20 114 6 47 135 32 2024 230 67 2025 109 67 110 
319 87 58 100 320 804 6 114 805 2026 2027 
1184 34 2 54 981 1859 
72 116 30 67 255 
788 487 57 981 1859 2028 
57 39 6 2029 20 157 1371 16 67 2030 950 123 20 514 109 
4 158 1858 17 67 2031 330 36 556 787 676 67 2032 2033 230 16 17 153 2034 20 32 2035 1708 25 697 636 
9 39 432 2036 2037 157 2038 36 2 485 67 2039 
818 11 661 17 662 2 175 67 2040 2041 57 516 206 289 109 67 307 
2 2009 157 1858 25 67 800 30 67 2042 17 1590 199 1229 361 67 637 1702 2032 17 127 6 67 2043 167 2044 105 6 697 636 
100 39 117 2045 106 180 2046 1419 1511 2047 361 1235 2048 
252 39 164 439 312 17 106 1823 2049 2050 26 2051 578 105 67 2052 17 2053 30 67 2054 
67 2055 2056 1511 51 115 395 361 32 649 539 385 591 2057 32 1079 437 757 303 2058 
2 332 230 32 1106 1103 2059 17 1798 17 106 1457 30 1083 131 1492 67 1178 161 2004 
252 39 32 1235 664 644 591 44 522 17 32 2060 230 32 2061 1457 30 2062 109 67 2063 17 32 1297 621 30 2064 
1858 485 487 199 661 17 662 2065 16 32 209 1611 553 17 295 1587 361 67 2066 
218 32 209 917 30 2067 17 2068 23 1861 2069 109 2070 1236 1091 
252 23 49 200 2 490 787 
2 670 25 199 
864 6 1858 
2 49 
379 6 1858 23 3 
201 73 272 
320 279 115 2071 6 16 17 20 54 100 
2 221 2072 34 28 32 2073 82 32 2074 
20 46 279 232 6 16 26 428 28 109 255 17 153 2075 20 127 
200 28 109 255 230 67 2076 36 201 73 16 182 20 
2077 
28 32 209 2078 2 49 2079 157 1858 39 2080 128 30 2081 159 2082 2083 
67 843 58 4 109 74 2084 30 32 2085 
20 240 2 78 75 6 77 87 50 115 90 91 334 484 
168 29 30 135 2086 30 2087 35 767 
9 794 
795 
2 
286 58 35 128 30 11 2088 
23 618 25 16 2089 
36 20 221 77 80 20 101 91 484 
23 501 
23 2090 2091 67 591 834 14 17 292 16 32 2092 440 
276 57 145 20 77 
100 39 135 2 175 57 2093 
20 17 16 101 210 38 109 9 636 290 2094 17 221 1036 100 
2 414 
2 1177 1858 63 23 39 44 2095 2096 17 2097 6 1648 2098 17 2099 
1126 2 49 
2 146 1036 100 
2100 
23 268 
200 57 756 141 57 1507 1167 20 316 16 80 67 874 20 566 101 290 67 2020 1769 
20 942 16 127 2023 335 17 2101 67 450 428 50 629 331 105 20 222 20 426 67 171 2023 307 
1469 20 310 114 155 2102 6 288 6 67 794 
795 
2 
71 168 429 6 87 20 141 6 896 6 2103 
