123 67 543 2104 1870 
838 
838 
561 39 2105 2106 1039 520 1793 2001 1274 45 67 2107 1753 2108 105 67 990 2109 55 723 30 67 2110 2111 
100 39 1055 67 902 82 67 2055 30 1818 1820 2112 105 305 67 561 67 2113 1553 108 6 206 871 6 707 1974 2114 109 67 110 51 671 67 2115 2116 
2 39 109 67 108 109 898 109 67 2117 123 67 2118 2119 17 2 408 67 35 1054 84 46 316 201 17 757 67 561 1587 1152 32 1672 109 67 2120 2121 2122 30 2123 
2 51 115 2124 380 340 1996 2125 6 2126 17 2127 105 2128 2129 67 1149 6 2130 127 67 709 1974 2131 25 2003 109 1999 230 67 2132 2133 2134 2135 543 
11 56 380 67 10 58 595 597 2136 497 1870 
838 
1875 
713 
2 51 115 2137 2138 218 2139 2140 44 32 2141 30 11 2142 2143 2144 105 67 336 2145 
2146 6 2147 2148 380 2149 67 2150 
2 39 32 134 427 2151 17 32 1583 498 30 595 2152 36 2 51 164 255 230 340 1994 109 1273 32 341 1997 109 67 345 30 2153 
2 241 175 183 57 2 51 2154 157 722 2155 36 2 39 241 2156 6 67 473 1106 578 380 131 67 340 2157 168 342 1307 2158 30 2159 2160 17 1894 2161 
36 2 51 32 450 27 2162 380 67 473 169 30 2163 2164 17 2165 131 327 32 209 712 
713 
714 
100 39 105 67 450 335 109 709 2121 218 552 51 2166 67 2167 30 67 1974 2168 2044 25 2123 57 2169 2170 501 16 6 2171 235 6 67 2117 
64 49 57 499 2172 101 6 47 2173 2174 30 67 2175 30 67 2135 543 44 466 44 552 101 1112 30 67 1124 
2176 64 2 17 2177 497 2178 2179 2180 1870 
838 
1875 
101 67 35 1203 2181 84 511 67 133 2182 30 2128 2129 
67 562 51 115 2183 2184 2185 2186 57 552 101 2187 109 32 2188 2189 105 2190 
67 2135 543 2170 175 16 51 115 2134 380 67 340 2191 6 763 2192 2193 609 2194 380 67 1306 230 2195 
67 2135 543 2196 2197 2198 105 32 410 1563 17 2199 969 380 96 2200 71 39 1952 2201 2202 6 2203 32 900 190 
64 2204 6 532 16 67 543 277 36 57 2 586 2205 168 1141 2206 17 6 2207 16 105 67 2175 30 168 2208 2209 6 67 340 2210 25 885 32 2211 2127 105 67 900 318 30 2197 2212 
64 51 1716 2213 380 2178 2180 6 1843 1173 6 67 2117 17 2204 218 2214 57 552 202 6 2215 499 2216 
100 39 2217 44 1581 2218 105 67 2219 2220 230 2221 1050 109 322 67 2222 44 67 2223 1244 322 2224 2225 67 2226 2168 30 67 2227 2228 
252 39 32 2229 2230 2231 17 67 561 39 2232 17 2233 44 23 2234 2235 2003 25 32 2236 2237 2238 
20 54 597 49 2170 44 67 2239 2240 485 697 1716 17 225 1173 6 67 2117 2 221 135 9 52 30 286 
20 907 9 224 
2 501 2241 2242 67 10 67 1494 1553 2243 105 499 745 425 
2 907 9 2135 543 64 3 
2 51 1413 6 288 230 2244 100 17 200 109 32 493 30 275 128 30 1072 178 936 1974 2245 25 67 1224 276 457 487 230 100 17 2246 100 105 2003 322 106 2247 30 2237 2248 1425 
67 2249 58 629 6 81 25 106 2247 30 2250 1425 17 295 385 82 540 1303 2251 2252 276 2253 6 2254 
67 2255 2256 2251 2 954 2257 67 340 
2170 618 25 16 109 32 37 2258 10 
1600 20 497 64 49 
20 114 1507 11 1116 
2 39 109 718 44 6 305 6 520 9 2128 109 67 56 30 96 1948 71 200 2 240 2 114 164 2259 
240 9 
64 887 
9 39 32 2260 2261 2262 30 1825 73 67 2263 30 32 2264 2265 105 32 1474 2266 1800 2267 
34 2 457 9 1698 597 2170 24 17 2268 100 48 67 543 276 2269 2270 262 2271 82 25 2250 1425 2247 2272 2273 1192 
67 262 2271 58 6 839 67 2274 32 2275 30 2276 109 1822 30 2277 2278 25 1563 2247 
1392 2279 100 322 2237 2248 1425 1530 57 67 262 2271 2280 91 67 543 2281 67 2282 25 131 100 652 2283 
20 47 16 2284 2169 2 111 
78 20 896 1152 2285 100 
34 100 2104 200 2286 760 761 1425 1383 67 2037 2108 2170 887 100 446 2287 106 2288 1794 131 586 2289 706 25 2290 17 446 2291 105 67 2292 25 2293 2294 
153 457 158 97 157 100 2 49 
36 2295 2170 34 67 543 101 6 202 487 200 164 128 586 54 87 51 517 6 67 561 17 67 340 44 2 54 67 340 446 1182 57 2135 2296 101 2297 432 2298 6 1187 
17 36 67 2251 2299 567 206 2300 32 274 739 263 30 134 
455 100 
2 1100 2301 999 17 2302 157 499 2303 
71 100 39 432 458 
2170 292 32 2304 2268 105 67 1698 
100 514 2305 17 32 1159 2306 396 39 280 1460 67 2307 30 67 2308 17 67 2309 30 67 2310 354 2177 2311 
20 2 545 
295 2 771 2312 540 761 2313 



252 39 32 700 105 11 555 17 32 875 57 2157 102 2314 48 30 100 
2 1345 2315 331 6 240 32 2316 2317 109 2318 2319 290 16 
11 425 2320 11 1262 2321 2322 17 2323 17 2 967 2324 705 144 67 918 
2325 124 2 49 
626 627 20 222 2326 
758 67 97 
87 517 6 67 561 
497 125 1870 
838 
1875 
713 
84 51 115 109 11 2327 109 935 1118 127 230 32 309 
123 101 20 518 25 2326 272 
64 501 
17 758 67 2328 73 67 561 
20 77 2 49 
57 428 552 533 361 67 2329 230 67 2330 109 2331 540 
71 87 517 6 11 2332 
252 39 32 543 



319 80 408 2 17 87 486 58 100 2333 
252 39 32 2334 30 835 322 2091 67 591 17 2 468 11 425 
2 132 6 206 664 109 32 2036 1157 2303 121 109 32 1235 2335 1736 122 230 2336 801 105 67 166 17 32 2327 30 540 698 2337 35 744 2338 918 2339 239 84 618 135 2340 2341 380 67 2342 2258 25 16 
125 39 67 35 312 109 2318 
1072 614 206 1321 17 87 101 2343 90 109 1224 



552 2344 127 
2 2345 
2170 49 



320 115 557 272 2346 128 30 67 2347 2348 
20 101 549 2349 550 109 158 534 36 124 533 290 17 126 20 127 
34 20 420 6 54 80 20 86 24 1598 28 109 67 122 30 67 68 69 105 2122 2350 167 44 304 44 158 56 58 774 838 
161 17 9 58 1818 2351 1820 
272 161 
2 2352 
757 2 174 511 235 647 522 
64 17 2 101 25 2353 
327 2354 295 64 533 6 70 17 166 167 216 2 533 6 2355 17 2356 36 552 147 240 149 30 2357 763 218 67 2358 
168 32 209 852 272 125 112 71 200 320 51 158 1318 201 73 1598 553 
2 554 11 425 
781 124 2 2359 
316 16 87 517 
2 46 457 100 
86 20 643 
86 552 74 643 
58 9 804 6 206 2360 
758 67 97 
57 2361 2362 48 49 125 
38 464 1598 528 17 1481 157 479 
161 
32 1106 128 
161 
11 425 2320 
2 942 127 17 337 2091 67 591 6 2363 11 2364 109 67 2365 465 67 122 
1470 30 11 2366 2316 2367 443 17 2368 2369 2 2370 32 957 798 2371 443 230 2372 1145 67 2373 2374 331 629 105 32 2375 2376 2377 131 39 2378 2379 44 2380 380 2381 2382 30 67 52 2002 395 127 109 2383 157 67 707 2340 2384 
2 21 135 874 
2 1585 
522 316 16 9 124 
87 517 6 595 597 
82 58 57 116 30 67 852 
125 468 17 1771 25 16 230 106 832 2385 109 499 340 341 950 
597 
64 39 25 2326 230 16 200 57 2 897 30 100 
32 2368 29 30 838 
714 
795 
2021 64 
2 273 319 57 2 2386 1599 
2 332 64 39 32 1323 1717 29 30 2387 
80 58 64 
597 
749 64 141 1598 1378 2388 334 2389 17 39 872 155 2390 1215 2162 131 485 235 48 30 2004 
874 1068 127 2391 82 1860 1152 32 2392 129 402 2393 279 288 
319 125 871 
20 279 1211 114 32 597 2394 71 20 241 51 32 209 97 6 319 157 67 2073 
87 1211 64 518 288 6 20 1202 
518 222 50 2395 20 320 279 115 2396 73 235 2002 222 64 141 361 2318 
788 487 276 20 17 839 1173 2397 895 1365 2398 32 40 6 301 32 1411 
2399 
2 485 11 553 17 2400 100 2401 
1181 51 517 6 16 222 67 2135 543 2334 487 2123 9 39 528 17 100 39 2217 36 2 2402 57 9 636 39 874 
2403 100 39 74 32 119 109 67 334 901 902 30 2404 
0 124 57 2405 787 
200 50 141 6 206 5 
272 2346 128 30 67 2340 316 1173 84 23 58 9 428 
20 205 6 455 2406 25 158 323 17 2407 2408 82 212 158 85 109 105 67 2409 
9 428 2 49 4 5 502 
67 523 514 144 322 67 122 17 2410 16 361 32 491 2411 1431 1656 131 2 2412 39 67 2413 2414 30 272 161 
252 101 385 1722 628 157 20 483 216 20 101 1982 64 49 
84 101 419 322 464 
67 450 128 483 39 322 67 2415 6 319 57 60 57 446 206 158 61 483 446 41 218 74 
64 39 67 128 57 51 2416 36 1200 2021 100 483 
2 77 20 175 16 57 64 39 2417 6 2418 26 1550 
522 200 67 2419 580 64 276 41 
67 902 531 483 39 322 975 
161 
23 501 34 20 51 426 157 158 502 
87 1211 20 316 199 464 
2 501 
757 87 20 175 16 483 30 55 123 20 514 109 483 
2 49 57 20 453 115 109 74 486 71 57 2 446 2420 26 628 
641 32 1550 597 2 49 6 213 
1164 2317 9 128 48 
552 101 1983 127 105 67 561 487 67 2421 1124 17 200 552 251 2422 25 67 68 69 109 402 819 190 2423 109 67 2424 2377 30 272 161 
9 113 206 803 222 1051 84 504 518 115 252 446 531 67 68 82 44 67 2425 2426 67 2427 1055 2360 82 874 
9 58 128 30 129 1184 2428 2429 6 2430 697 1994 
11 1402 58 6 1068 109 67 1936 17 1413 2431 2432 44 272 161 84 504 2433 115 1044 6 874 
34 552 1066 522 206 135 67 2434 67 2210 1400 371 541 2435 522 301 67 2436 17 1158 105 127 
34 552 2437 522 206 1044 14 44 67 1338 319 
1776 2438 67 2439 
464 2 49 276 20 301 16 67 2113 2440 2291 
2441 483 
2 13 14 380 67 439 17 2442 541 67 2443 30 2440 2444 44 2445 109 1499 
252 2 39 774 838 
2446 161 
2447 402 819 190 1818 2448 2449 
2353 
327 2450 2451 1639 
777 
70 32 
795 
1748 
959 981 393 2452 2453 30 402 819 190 2454 
2455 841 68 2456 70 960 488 
2457 1346 1347 298 299 1875 
1876 
171 164 
165 166 167 1875 
1876 
1972 
0 464 2 49 17 751 67 2291 6 235 
295 2 650 2458 11 662 17 1653 48 67 522 2459 1657 2460 2 594 2458 67 2461 2382 
100 39 30 2462 2463 230 1971 
838 
2464 
109 1693 997 105 100 17 1484 109 2465 6 155 2466 131 2 147 1361 6 2215 2467 128 2468 109 1235 245 17 32 402 2469 2470 1289 402 819 190 17 298 299 1875 
1876 
36 951 36 209 
11 1505 30 856 39 2471 127 2472 
2 967 109 11 1197 1657 17 594 32 2473 30 2474 17 73 32 2475 17 32 1378 109 2476 
2 2477 32 262 2475 619 322 67 2478 109 67 1657 2460 17 1713 100 6 67 69 523 
9 58 157 20 464 17 32 1715 2094 484 6 20 
34 2479 2480 20 626 627 16 74 486 
1600 20 117 149 483 4 304 64 49 2481 67 262 893 230 67 2482 2483 30 32 2484 82 425 2485 
2 663 48 6 67 167 2486 39 680 6 2487 67 190 17 1037 252 101 2488 1683 109 67 171 2489 17 337 2091 6 67 526 30 507 508 
6 11 2490 150 402 819 252 101 274 2491 17 129 101 1037 2492 
218 73 262 782 30 2493 892 2 2494 752 1274 30 67 2495 2496 109 67 733 2497 17 337 723 6 1949 2498 
44 2 468 14 2499 508 2 1573 103 2500 2501 109 67 1657 30 11 1656 
2 2502 17 2503 48 385 2504 2505 1655 230 67 1654 910 105 183 
128 39 2506 157 1 17 67 763 157 151 
9 2507 32 402 2508 1228 32 2509 36 2 2510 32 2511 157 67 1187 30 128 30 67 640 2512 109 67 2513 17 2514 11 251 
67 128 2515 157 1 84 567 206 2 1143 11 12 393 39 32 1878 539 968 1693 1694 67 29 30 286 20 839 158 2516 2517 105 2518 486 
67 128 2515 151 1484 32 1663 1567 30 67 52 74 432 2519 872 6 32 505 157 26 209 2520 
282 282 
2 554 11 425 
2521 151 567 206 23 39 407 303 11 12 17 67 2440 2291 51 303 404 26 1058 2522 308 82 2523 2524 6 272 161 
17 20 221 839 1252 6 158 2339 2525 82 158 2526 109 857 
552 78 114 272 2527 487 499 402 134 380 2528 487 2529 1693 105 499 2530 12 17 1252 105 67 763 412 2 338 
36 2 2531 67 2532 105 67 1655 17 751 6 2533 109 428 6 676 67 1819 2534 960 2535 
38 2 2536 6 32 1563 2537 
1470 30 67 2340 2538 67 402 819 2539 230 168 2540 2541 30 74 57 51 517 6 67 459 1996 222 2542 2 39 2543 624 6 2544 213 380 1281 32 601 30 712 
1670 
109 461 6 2545 67 2546 30 104 2547 380 2548 2549 1539 2 2441 446 303 54 380 1319 
2 2550 11 443 109 57 2551 2552 230 168 2540 2541 30 74 57 51 518 517 2553 67 2554 2555 44 2 2556 372 67 69 88 17 1211 303 1985 2557 322 168 2558 2559 30 67 2560 17 67 2561 291 2 39 109 67 2562 2563 465 67 2564 2565 
67 460 39 2500 2566 71 2 39 76 6 251 32 1892 951 999 80 274 2549 586 240 11 443 
2 338 57 11 2567 51 115 396 123 67 2568 105 2569 11 2470 24 240 28 303 2570 67 69 88 1395 479 
161 
1351 2 316 479 
2571 303 6 641 157 20 157 2572 2573 
221 316 235 32 286 1848 2 2359 
4 2574 805 109 32 498 30 632 39 300 2575 109 67 110 17 2 221 420 6 206 512 
64 1759 2576 17 671 105 
2 39 2577 624 6 2578 298 299 1152 763 2579 17 337 683 67 2580 2581 291 2 2582 32 2583 
46 20 89 16 48 6 11 636 
2 501 67 2584 
304 479 
161 
480 6 64 3 
2585 6 1364 158 2586 14 38 
2 669 
2587 
4 432 1184 535 6 89 502 
141 26 763 2549 
35 32 493 30 1358 322 67 2588 636 64 49 71 552 46 2246 20 450 17 212 183 487 2589 34 28 2590 1563 
874 164 
2 2345 
9 58 32 2305 488 450 232 450 2591 
20 46 89 16 105 6 1346 1347 218 320 426 183 25 67 2592 
1228 2593 301 109 255 34 419 101 2594 
67 2584 618 1918 17 410 2595 
626 280 30 26 2596 2597 1358 109 1072 2598 222 2599 39 32 2600 64 49 
2 2601 361 67 2495 2091 67 410 2602 2603 17 431 2604 30 385 2605 388 454 84 1755 1416 25 16 17 295 2606 32 2607 30 67 971 2608 30 1556 2609 
2 967 410 2610 230 213 
2 132 6 114 2611 25 796 128 2612 2613 109 67 2614 2615 30 11 2616 2617 2299 
200 157 11 450 2618 230 67 412 1539 2 51 959 581 847 263 2619 2620 6 67 2440 2291 
1217 23 446 2621 57 252 39 103 2622 880 230 199 1057 91 2 51 115 262 782 25 1346 1347 
757 
2 273 54 80 67 2623 39 212 2624 199 437 17 87 995 2 531 67 1344 84 882 67 439 2625 552 51 32 1344 
