218 32 649 1329 109 67 55 30 131 11 12 1837 67 2440 677 109 67 402 819 2626 2627 17 2 67 207 677 109 67 402 819 1277 2 2628 213 17 751 6 11 437 
430 2066 39 2629 230 74 67 1086 432 17 252 39 106 2630 2259 30 2631 322 67 180 2632 2633 1102 2634 2635 6 67 2636 2637 1431 1494 2638 2639 
2 65 48 67 911 17 594 57 11 912 913 914 290 915 916 32 209 917 30 100 144 67 918 
749 522 32 274 724 30 2640 127 2641 446 457 2072 30 57 
32 2217 2642 17 32 2643 2644 395 16 490 32 539 739 2645 17 2 2601 2646 361 430 1413 2647 2382 
86 20 2648 67 847 525 881 
393 568 322 199 437 
164 2523 1075 
2 2016 199 
1579 67 171 276 20 17 316 183 4 2574 1039 67 1098 17 146 206 109 790 2649 204 
9 132 135 32 209 40 6 288 155 2650 222 67 1125 51 2651 2652 67 1418 63 2 2653 114 512 222 2 51 627 2654 30 1022 2655 135 1346 1347 109 32 2656 30 22 2657 607 2658 224 2659 
252 39 67 2660 2661 1020 644 591 230 257 2662 1383 2663 2664 369 2665 1494 2666 2667 17 67 2668 1457 30 1886 2476 105 67 2669 1332 2670 
67 2489 292 32 2671 30 2046 2672 230 67 2673 136 2674 380 2675 
252 39 67 2660 2676 2677 591 230 32 2678 2679 1949 343 385 82 540 2680 902 27 2681 380 2680 450 27 2682 2683 
252 39 67 473 1457 30 2684 576 1798 1235 918 1010 17 2685 2686 230 2687 30 2688 2689 1330 17 32 2690 382 1683 1420 
30 55 20 467 67 2677 591 380 385 2007 14 322 67 1511 1589 17 252 39 32 2691 127 385 2007 2692 6 11 1137 
17 304 44 1761 17 1963 252 39 32 2693 1096 2623 
2 1314 105 11 662 17 661 17 1551 48 541 32 2694 389 131 1688 322 67 2677 591 6 67 2660 2695 1419 2696 
252 101 2697 2698 2699 157 32 345 2700 17 109 67 2701 39 32 2702 539 2703 2539 2704 
9 51 106 2705 374 17 67 2706 290 67 2707 2303 25 67 636 80 648 995 206 17 32 2703 1781 962 1470 30 67 577 157 761 712 
1670 
74 67 10 144 67 278 30 67 2109 39 996 109 705 2708 2709 67 874 230 100 
11 2710 105 9 2711 30 67 161 786 17 2 2712 305 2 2713 6 1674 2711 230 32 1870 101 1296 380 1090 
749 479 
161 23 568 322 67 2714 389 109 520 2715 30 199 2716 2206 44 2717 2055 2718 1344 25 2719 2720 67 312 322 67 1396 58 38 230 60 
80 1351 2 316 235 6 457 67 61 
2 2721 289 2722 252 39 136 32 2723 109 67 2168 17 2 566 2426 11 2724 230 186 748 105 17 594 32 2725 539 312 84 2726 30 2727 2728 17 2729 
522 483 479 
161 64 2730 67 180 2731 25 16 
57 61 30 1214 51 32 1368 531 32 2732 1368 531 
332 64 39 32 304 624 2733 
65 406 2734 2735 2698 2736 2737 
164 2738 
295 92 93 64 300 788 14 17 533 6 534 17 2 332 11 
146 479 
161 490 1200 
71 64 126 127 666 44 134 17 2155 44 2739 17 545 2740 105 36 57 2 413 64 1008 6 232 502 6 499 2741 
1406 32 2742 2743 479 
161 117 2743 2 567 319 71 874 301 522 2744 38 265 25 11 636 17 153 2745 109 1604 763 486 6 242 243 30 235 
241 1211 240 270 135 67 1399 57 61 395 109 74 11 2447 275 
200 73 499 2746 2 2009 291 64 51 6 622 32 1411 17 395 2747 6 2748 235 105 499 1581 2749 
2 273 114 42 60 157 32 1303 2468 2 49 
1164 301 235 48 30 158 88 17 127 109 11 437 2 871 
1406 115 135 32 2750 30 67 1886 17 32 1591 30 2036 2751 2752 1296 16 1590 380 2753 1728 30 32 705 2377 2754 277 2755 144 2458 32 1235 2756 2757 
252 
49 67 2419 
64 2547 158 875 
232 105 60 
153 2758 20 
1406 1323 2743 479 
161 71 874 301 2304 1310 34 20 2759 235 210 
67 2419 2760 48 67 1511 439 17 751 2138 2761 32 2762 2763 2764 192 990 2765 105 32 2766 1157 2767 
60 1211 303 21 117 2743 6 16 71 50 279 115 1686 30 2768 17 2 2769 57 2770 6 2771 567 2772 109 11 1622 
209 61 2 2773 
953 180 2548 
67 953 180 2548 292 32 1563 71 2774 2775 17 2776 157 16 230 2777 2778 2779 67 2419 465 235 135 32 2780 465 32 2781 2782 
2 2783 361 67 1137 17 2784 67 439 216 60 1630 1061 17 2785 105 67 951 1702 30 11 2786 
316 20 87 1019 2 568 541 67 2787 
457 235 436 17 966 235 109 11 591 
168 67 128 6 67 210 25 67 425 30 67 1384 
1406 300 2788 
2789 235 109 17 44 466 44 1406 2790 14 153 47 235 2791 
216 9 410 2792 2793 39 104 966 361 1503 2 13 14 17 332 100 290 
2794 272 51 115 67 52 30 312 2795 2796 61 65 6 2797 499 2798 48 
57 39 2799 222 322 87 2 2494 30 235 25 2450 64 51 34 270 115 35 432 2800 
2 2009 48 67 2415 334 1550 2127 17 2801 17 295 1723 67 2802 157 67 1344 
1089 2 49 276 20 145 67 1019 230 499 661 17 662 17 295 457 60 32 2803 30 2037 
67 953 180 2804 51 32 2805 428 
67 2419 2806 17 2 1724 216 67 1344 533 436 
295 252 39 32 2807 67 2808 30 2809 2688 17 67 396 30 32 439 104 2784 
2 2810 127 67 2007 6 251 1089 369 2811 17 2812 388 766 25 67 2813 2814 30 32 369 2688 2803 17 32 2815 2427 30 2037 105 67 2816 2056 2553 11 437 
67 439 30 11 1253 591 2334 1264 17 1 1326 230 32 560 87 105 891 
168 57 61 483 1275 1090 
123 2 232 514 109 230 67 2803 30 2037 135 20 49 252 64 39 2817 105 105 158 1103 135 32 2251 17 17 17 87 
2 1668 
17 64 39 1240 158 1091 483 23 2818 
168 168 2819 393 2820 67 97 
2 292 32 2821 309 
64 2403 2822 57 64 208 2823 6 2824 105 67 1628 1089 17 310 114 2503 11 1091 127 252 6 2824 105 
2825 2 212 235 127 105 67 1780 2 279 47 235 2824 105 155 30 11 748 
749 1090 49 1631 2826 
58 57 100 
100 39 300 57 100 618 29 30 2827 6 240 499 2603 109 67 2828 1197 
522 221 267 73 100 200 1090 11 12 24 753 
4 303 1918 100 292 20 32 294 
1406 2523 32 1115 61 
153 202 109 17 240 57 1406 2791 
232 105 272 
1164 457 32 21 25 235 
758 67 886 
23 871 2241 32 2829 2830 109 11 2831 
429 149 2 2832 
168 35 57 64 2833 157 11 2798 123 64 141 2458 67 439 
1248 
23 3 109 67 160 674 30 32 412 84 423 787 17 84 109 26 1822 2834 199 1057 303 6 206 1991 30 32 2529 2835 990 2765 
20 54 60 279 2836 499 2837 105 158 2838 17 2839 158 443 1604 307 44 20 1910 235 
11 2840 835 39 32 81 30 2841 
30 55 57 39 100 2 268 17 1032 115 1033 322 1173 36 427 57 64 39 290 2842 
232 105 1164 240 34 552 78 47 67 953 2843 2791 
71 2 212 199 1229 67 10 
67 953 2843 39 2817 2844 105 11 136 2845 1103 
67 2846 2847 1147 1091 131 2 51 2848 25 1329 101 2080 2324 2849 144 168 2850 2377 
67 662 39 2091 67 2771 2838 17 261 30 168 2851 2603 101 2852 541 128 30 67 2853 2603 
252 
60 
953 180 2548 
2854 1 109 32 875 131 446 114 2855 2856 322 186 2857 
60 292 32 1138 2858 2307 17 499 2859 2860 67 2861 135 106 2862 2863 2091 67 289 30 2864 2865 
11 12 2866 67 2771 425 17 60 2867 2868 25 199 
23 2869 2870 235 322 2871 67 1091 17 1263 183 127 109 67 2872 
44 23 468 2873 67 1103 64 2783 6 67 2056 2874 127 966 261 2837 105 199 2838 17 2875 199 443 2876 1371 539 2877 17 2878 
953 180 2548 953 180 60 
23 2879 
39 64 480 6 301 502 322 67 2229 180 2880 
252 
17 23 2881 499 946 
232 105 200 60 23 24 739 2882 319 209 307 6 158 1335 
67 862 39 32 1949 2883 30 32 2775 17 67 2884 30 32 2885 30 1474 369 2886 109 11 1410 
60 
23 1100 44 67 2843 2867 2887 
319 209 307 6 67 1335 
64 2888 6 67 2056 230 67 2889 30 32 2890 2891 1426 17 2892 16 2893 946 289 1556 2894 17 2778 109 2895 
60 
1648 799 39 2867 2896 71 67 61 2776 25 16 17 2 1238 51 428 6 1368 67 439 109 168 443 
32 274 782 1860 393 2897 388 2898 
50 241 2395 235 6 2899 135 9 23 49 
2 221 135 100 
168 279 115 20 64 39 36 1686 30 17 64 1238 2900 16 
200 64 1316 74 469 127 
218 20 426 64 2790 210 14 17 514 289 17 2875 11 443 74 290 1366 
87 288 20 1167 58 880 230 235 
46 100 206 2901 
2 554 11 425 
64 266 808 135 2901 2 49 
1406 51 32 1200 202 30 2416 17 58 2403 2902 322 294 
2768 288 301 294 20 54 
2 77 109 2903 25 70 419 175 1173 73 32 117 2904 2353 
2905 61 131 39 2906 361 520 2907 380 67 2908 
57 58 419 1653 32 2909 2910 2091 67 2056 380 32 2911 1842 109 32 424 1289 67 2912 
67 61 581 51 2913 2914 123 64 2370 32 2910 2915 380 277 
71 87 46 552 288 
23 501 
1164 1400 235 289 6 67 1396 291 1406 2916 
2917 
322 87 1095 
2918 2919 
322 87 2919 49 1032 771 2920 127 25 67 1396 17 64 67 2419 57 58 332 60 446 206 787 487 25 502 
71 552 78 114 235 5 157 20 1604 428 20 1187 158 591 
295 2 146 1187 100 
153 534 109 67 590 591 2 871 1661 2921 23 2922 6 930 2923 
20 567 457 235 1598 2803 30 2037 1406 74 210 230 20 17 2924 67 402 819 1277 105 67 2056 17 32 1184 209 1187 157 100 17 1849 48 11 748 17 306 
64 1316 6 114 647 32 2925 157 20 17 522 300 1364 235 252 6 897 306 290 380 2926 
201 73 499 1764 
23 501 
2927 64 114 32 1866 2928 
164 
153 212 235 202 2774 157 32 486 82 36 
36 427 44 64 504 715 30 2037 100 146 445 235 
295 123 1406 2743 624 36 44 303 6 206 2298 153 1849 235 155 178 61 2929 17 725 2930 17 874 784 6 1170 16 67 1936 10 380 67 2931 2932 
23 618 25 16 19 20 288 21 2933 23 49 
320 51 32 294 432 
453 2 787 531 67 1019 
2 554 11 425 
164 739 1321 1848 
4 48 30 1142 2 413 17 74 9 2934 990 2935 58 895 105 67 2936 
153 202 14 17 2937 213 32 2938 17 1481 
20 567 339 16 123 320 1367 11 306 436 
756 141 6 238 290 32 197 30 306 
123 2 2939 2940 6 1284 14 109 11 1137 230 32 1611 553 2 967 2941 2898 17 2942 127 354 67 166 
252 586 206 164 1297 718 73 100 67 61 511 
60 511 57 2 39 106 2943 57 67 133 272 161 164 1192 2944 57 32 2945 39 2423 109 499 2377 17 748 
67 2819 2946 30 32 61 51 1688 235 6 67 843 123 62 430 12 51 115 2947 
9 39 32 402 2948 109 67 1388 
2 614 1907 67 1335 30 67 2617 2299 2949 230 96 2950 6 240 305 595 597 446 47 100 82 446 206 2951 109 67 450 398 
30 128 286 2 39 2829 2952 2 586 2953 155 52 30 1583 2954 230 60 1394 446 2955 144 16 
157 67 970 393 1211 303 718 57 2 39 199 1057 11 2956 51 1575 199 71 23 51 1774 230 272 36 427 57 100 39 2957 57 23 164 1192 2958 1573 235 
151 152 446 206 739 2298 23 39 32 412 2959 17 23 51 115 2960 48 30 106 2961 
23 51 1604 2962 157 2963 48 82 62 157 2964 67 843 71 2 51 872 213 32 209 2965 6 242 199 25 548 2966 
23 614 2967 199 10 361 11 2455 
2 446 316 11 171 1945 6 242 199 1033 322 16 17 23 614 206 36 153 2968 44 6 2969 2970 361 11 502 
34 2 586 2971 60 17 462 151 2 51 32 259 40 30 1273 1033 230 100 
2972 510 483 
100 39 1090 
769 1089 
975 
152 58 289 483 
23 416 6 240 20 
316 199 2 408 303 25 502 2 3 109 32 1112 2740 674 
17 57 2 241 276 206 25 502 6 199 
749 769 20 276 
100 39 67 957 425 
23 39 1240 32 427 2973 662 17 2740 32 573 1823 2974 
135 100 82 303 272 552 86 5 6 114 32 238 200 
23 468 6 67 802 1344 
17 221 20 7 2975 67 866 1090 23 871 82 67 450 286 20 276 791 58 9 2974 5 2745 25 479 
774 161 30 402 819 190 17 298 299 
72 74 210 1089 2 871 
221 531 67 866 
316 975 
161 57 4 1962 
975 
152 17 2 974 6 114 32 1853 
