44 67 439 6 67 591 2784 2876 465 1090 975 
152 94 2976 67 1823 105 67 2977 1289 1173 17 2978 289 199 2973 662 
23 39 106 2979 539 1935 34 20 135 2980 957 1245 522 2134 17 1601 541 17 541 
2981 2 771 6 2578 157 67 1133 71 39 660 380 199 309 
457 100 380 74 1530 23 49 
168 303 2982 
2 35 478 100 157 67 1344 
316 16 272 114 20 141 199 105 158 2983 432 
67 1344 395 82 2984 44 419 1292 6 319 
151 2 49 753 2 175 20 2716 9 307 57 552 101 541 
226 429 739 6 206 49 73 100 
168 1596 805 2985 
2986 522 57 2987 
23 112 1366 17 618 25 16 19 
109 1616 30 213 2 545 1327 2988 25 67 2989 30 11 426 2990 32 2991 30 632 123 1592 131 504 279 1528 11 333 
252 
151 49 2939 72 100 
199 875 51 32 606 30 2992 230 32 2004 30 2993 2994 57 2 594 2995 
522 114 20 270 6 319 
2 501 
114 20 270 6 319 
50 1037 49 100 151 
178 44 20 86 17 2996 44 20 86 101 2997 127 
100 146 81 17 552 261 54 100 
36 757 303 2998 755 17 2999 85 
23 485 11 3000 700 109 963 71 1470 30 3001 100 3002 100 1735 
117 3003 23 1755 
320 62 141 57 539 3004 25 67 2131 30 158 3005 
30 55 2 114 
168 115 252 222 3006 
117 117 3003 272 23 887 71 100 146 288 11 272 558 20 240 20 2256 11 272 25 74 
28 32 2993 2945 
50 311 2 225 
4 1320 6 206 1378 10 1717 
2521 1008 272 6 206 1378 10 1717 
23 3007 
1051 
64 39 149 3008 44 64 39 32 179 1120 3009 
44 157 20 2521 20 86 4 105 6 158 3010 
20 2256 774 161 17 20 54 100 
2 966 155 705 3011 361 11 3012 
201 1211 20 518 413 975 
152 
23 112 3013 2410 2970 6 32 1454 17 834 999 216 2 3014 100 36 57 2 586 303 145 3015 2036 361 67 3016 1568 30 199 3017 
2687 30 306 
109 67 450 636 20 531 16 151 123 101 2624 1470 30 3018 44 20 279 1292 6 288 
2 2502 1727 20 3018 123 2 395 127 11 140 2 545 
379 6 20 3019 23 1599 
295 20 2157 1327 25 158 2990 44 63 20 101 3020 32 3021 216 2 39 3022 20 
272 241 1211 57 
123 64 39 109 32 893 64 279 650 109 499 1657 17 3023 499 317 82 44 32 3024 3025 3026 499 2474 
221 3027 11 3028 380 11 631 3029 2 2345 
4 303 2574 522 17 50 51 32 29 30 3030 294 
272 241 49 3030 109 499 134 953 2909 23 954 
64 147 54 87 100 3031 
164 2 221 54 87 158 3010 58 71 4 105 6 20 17 101 5 6 206 133 3032 322 200 105 82 82 87 
67 866 23 954 3033 457 32 2540 2541 30 1921 109 9 1168 
200 4 1223 6 206 1509 3034 
272 39 32 2073 84 51 100 31 6 235 2 413 
2 39 3035 235 157 32 1700 1174 17 1213 
540 569 2468 58 32 197 30 572 62 109 1072 275 17 100 446 114 115 178 6 114 115 959 6 100 
71 168 62 3036 9 10 2 413 
67 3037 39 2270 2578 
2 1597 213 1598 553 
114 155 
2 501 
17 757 303 
758 1214 58 632 17 552 261 148 100 
757 1211 20 319 100 39 3036 9 10 975 
152 
2 1758 
151 6 20 272 
168 558 200 2 221 114 6 1647 20 17 2 136 114 32 1077 2108 6 67 161 188 
36 20 86 5 109 157 1276 2 954 
1167 2 3038 6 1174 1 17 1647 20 
218 74 2 136 586 
32 505 504 199 3039 23 1755 
303 57 516 140 120 1318 230 20 272 44 2 897 516 787 531 20 
71 32 12 78 839 3040 354 199 1057 17 2 897 516 410 135 6 206 76 6 839 3040 34 478 
870 32 1057 504 432 223 3041 6 145 67 3042 
252 86 3043 109 3044 3045 17 3046 3047 301 469 127 109 67 2066 3048 17 252 58 279 67 180 2632 3049 
164 222 320 2940 6 301 3050 30 67 763 272 3051 2 897 153 242 32 447 3052 17 11 2001 44 427 44 20 47 100 3053 11 216 
1167 2 146 1193 
2 1205 
295 153 202 6 67 866 82 67 794 
795 
2 
260 804 6 676 3054 2256 419 
17 316 183 87 2 54 
2 942 127 
9 446 206 3055 265 2 51 2417 
1126 151 2 49 202 210 1681 
226 67 1722 
20 46 1187 100 6 531 67 2409 3056 157 74 2 2072 
240 87 1075 20 114 230 158 792 123 11 12 58 38 6 3057 57 4 272 161 
199 443 3058 17 199 331 3059 1062 
1 432 
23 501 
295 28 261 109 100 
101 261 109 87 
67 439 1345 17 393 161 942 109 67 2692 
151 152 618 3060 17 23 2981 1653 199 2973 289 290 199 2838 
429 1 23 49 25 334 
2 39 3061 624 6 1155 57 34 2 514 289 17 51 32 238 2624 230 272 552 586 471 127 80 552 426 487 
1406 115 2920 36 2324 57 64 266 75 135 2926 25 74 
17 36 86 20 
72 87 2 3031 380 102 57 20 101 261 109 100 
151 11 12 49 753 11 1057 175 20 6 8 48 30 9 59 17 168 11 502 432 17 200 2 251 20 38 
1848 202 82 153 531 67 866 
67 385 417 3062 3063 1701 131 1205 57 419 101 261 1752 3064 67 2004 30 3065 57 51 232 361 186 522 3066 3067 
164 168 11 1049 157 825 199 109 2 49 
23 1044 109 97 380 1089 20 907 1090 
57 23 446 135 6 240 16 
2 268 6 288 36 36 20 78 1108 199 
552 559 306 290 17 338 57 168 74 487 32 274 3068 30 3069 71 72 74 17 303 3053 3070 385 3071 157 
208 57 36 975 
152 
151 554 199 425 
164 272 100 58 303 36 
1 2 514 38 230 57 1133 
100 2021 2982 71 67 630 428 100 276 206 
2 395 1090 82 1181 199 56 58 532 16 109 17 2 175 199 2 446 3072 272 34 23 292 67 3073 
295 2 175 235 87 2 54 73 235 
17 87 58 57 
11 12 501 
57 64 58 303 272 25 74 151 1317 
57 64 58 106 3074 57 64 17 1228 20 51 805 1033 230 953 180 272 
2 175 235 57 2 273 316 499 2409 34 64 2510 16 6 242 3075 
17 64 175 16 6 531 67 866 
11 12 533 290 6 199 17 485 199 700 
953 3076 151 23 1755 757 221 20 202 1033 17 114 32 209 278 
320 141 941 74 1128 127 157 32 2284 3077 
30 55 168 272 
4 959 6 235 17 2 205 6 54 11 159 1057 2927 2 
320 585 141 214 14 17 74 230 3078 17 224 81 
757 221 20 212 989 1400 20 157 32 274 724 6 67 336 3079 157 3080 17 32 209 278 
151 3081 11 1253 700 1033 
109 763 1166 20 897 4 3082 
23 1061 
164 71 2 288 897 28 3083 
9 58 272 4 1 17 28 151 152 
756 74 115 825 2422 301 290 3084 17 9 224 58 32 3085 105 3086 
221 267 
989 46 2075 100 157 20 647 3087 17 2 552 261 276 206 480 6 145 640 157 100 34 28 1113 73 67 572 
218 74 393 871 3088 67 900 286 58 1323 149 30 32 1886 1183 208 100 
1164 242 100 57 10 
975 
152 650 290 17 3089 67 1133 322 67 2977 
74 210 393 161 3090 23 1673 
34 72 67 10 28 5 6 1193 100 153 1193 432 
221 267 73 11 140 
2527 3091 73 67 1494 121 
77 109 9 1168 419 3092 417 84 1009 186 1677 
1 2009 291 67 439 330 465 67 1321 12 
295 23 468 6 16 230 32 1071 1576 30 3093 
953 312 
23 24 
20 114 141 941 361 32 1200 1224 626 20 
2 669 
100 147 75 135 128 216 2 39 1273 361 100 2 49 
168 35 200 123 4 1320 6 301 306 1118 48 57 100 1316 36 971 
1164 240 23 887 
201 223 417 58 100 320 115 1320 6 242 1033 322 2357 763 
226 213 30 55 71 308 221 2772 26 739 288 419 
17 226 151 152 17 1090 17 252 39 57 1845 3094 552 3095 25 3096 3097 334 345 17 58 100 128 82 385 454 25 67 171 
38 39 80 2 586 2262 230 520 3098 
2 3099 57 50 303 115 3100 230 26 30 67 171 454 2 49 
2 54 1 268 3101 
20 279 1292 6 316 16 57 100 39 1148 1200 157 207 6 1193 230 67 145 71 218 2 2370 67 10 20 533 157 1090 2 338 57 252 101 3102 6 1604 3103 
1051 109 67 171 2 3104 
2 3099 100 
295 1228 100 39 67 171 630 439 
3105 20 2340 114 106 3106 3107 157 818 105 2357 562 955 3108 100 6 207 3109 157 1273 1930 73 2357 562 3110 71 2 54 50 280 67 56 1859 404 3051 109 158 3111 
67 56 1530 1014 429 6 16 2 2345 
34 100 276 47 20 26 3112 153 1843 6 32 575 417 71 4 541 230 74 57 324 2028 
322 200 105 4 5 6 206 32 128 412 312 
393 2811 16 230 106 2168 30 3113 
446 20 140 1371 16 32 553 30 2938 
23 501 
50 103 6 319 6 20 17 4 1991 20 146 135 100 
2 533 6 67 1473 122 17 1597 199 32 3114 30 3115 
38 20 86 
14 67 3116 
17 200 87 58 100 20 420 6 316 16 
1210 16 272 23 49 168 303 576 157 16 
71 516 787 319 100 1202 
2 78 242 105 3117 100 
84 86 20 
758 57 
84 86 20 
23 3104 
20 21 135 11 1057 71 20 221 238 135 235 
499 748 3118 20 71 151 152 58 647 210 20 2256 272 161 
201 1211 20 413 
221 897 153 839 20 1033 23 887 
2 146 558 20 113 114 51 32 3119 1900 2520 157 90 1181 20 114 805 
20 75 6 206 109 2036 255 30 155 52 
2 516 135 6 145 20 34 2 46 
221 897 4 895 105 11 1057 
168 115 263 222 552 749 20 54 
2 959 235 157 499 572 17 2 136 221 54 757 64 959 16 
769 2 288 71 50 241 1177 6 1843 100 
1032 395 32 197 30 572 109 67 821 17 51 3120 9 59 
64 478 32 12 67 10 64 478 106 403 32 1473 122 32 3121 32 3122 990 2765 17 32 3123 109 67 68 69 
2 39 3124 25 32 1299 131 64 3095 71 72 74 252 58 6 697 792 
953 1 
2 3125 
101 261 42 2 413 
164 4 303 272 71 2 221 54 84 1531 2 586 3126 206 
20 240 3127 265 760 761 762 2619 2 39 32 2136 497 105 32 1553 108 109 67 1976 110 17 393 2893 3128 199 700 322 632 
749 
23 2352 3129 
749 272 
953 180 3130 
153 457 2072 30 20 17 240 57 20 301 290 9 
641 153 531 67 1019 210 1033 
67 336 3131 32 117 178 636 17 2 46 232 290 1604 2020 6 2 554 11 425 
250 288 429 30 67 52 11 881 2 1100 
164 1019 46 145 16 105 9 128 
870 2 871 201 288 20 54 57 2 2021 3132 91 17 114 300 232 6 11 3133 
199 331 101 3134 
74 210 881 23 268 
2 135 20 787 9 10 1202 
