319 180 312 87 517 6 158 700 
253 162 258 257 17 3135 71 117 698 1564 17 230 32 3136 3137 105 499 1733 3138 39 11 3139 
64 13 2091 67 962 3140 256 109 11 166 167 171 216 1858 1859 1834 3141 109 67 3142 171 
3143 3144 3145 2 3146 
67 1623 286 1314 17 91 2 511 100 2 395 32 3147 157 100 
2577 100 147 202 2036 
3148 67 1135 3149 17 67 1069 589 
288 20 897 20 46 301 11 578 2166 541 67 83 82 995 2 3150 272 3151 161 499 3152 
162 3153 135 32 522 3066 3154 
522 301 624 3155 6 158 3156 3157 6 47 100 3158 64 921 
200 87 320 141 6 288 58 6 2483 180 3159 3160 361 67 3161 3162 17 457 32 3163 25 199 3164 3165 
50 1381 67 658 230 16 
44 20 54 23 2345 57 20 1126 67 917 
2 651 25 67 1834 658 
9 2028 3166 1323 209 6 16 253 2 49 
3167 3168 447 44 67 885 3169 32 
2464 
2464 
58 968 17 797 
596 
205 6 288 74 210 230 9 402 3170 2028 
1095 
152 39 1134 230 1135 1136 127 17 14 11 1137 
64 618 744 739 1138 1139 265 67 486 91 17 132 6 206 109 1140 1141 1142 
2 1143 25 67 1144 1145 11 1146 192 1147 1092 1093 17 184 1148 11 293 1149 6 1150 235 1151 48 30 67 59 157 120 232 1152 11 1153 
17 201 
11 3171 268 
1469 
87 32 3172 
2028 135 57 58 3173 265 3174 2778 105 67 1264 821 
230 1368 6 32 569 865 6 1068 290 552 205 6 288 1323 522 105 9 
864 87 101 1281 157 199 
162 671 16 32 850 30 607 
67 3161 3162 64 49 
797 3175 
20 1646 2980 552 995 267 
164 572 289 157 847 263 
3176 119 384 
67 850 39 3177 6 32 3178 3179 1201 
240 38 2 3180 48 
1072 1623 3175 3181 3182 
3182 32 397 157 67 450 262 263 17 295 2527 360 127 67 3183 1366 17 260 3184 3185 
72 100 272 
67 3161 3162 162 268 
419 640 3182 165 3182 32 397 34 20 1638 183 71 34 20 7 6 3186 183 2270 262 263 67 3187 1530 20 35 301 73 
3188 105 158 572 
174 32 3189 504 966 20 2181 9 3190 3191 64 78 3192 3193 20 6 301 48 
84 3194 127 57 3195 
749 32 493 30 2475 32 397 3196 552 1044 14 6 145 67 3179 1690 67 224 
168 32 2739 
168 3197 6 185 109 224 3175 
67 3198 1743 44 874 17 20 301 100 74 289 34 20 641 427 624 
71 87 34 67 180 505 3199 2270 67 630 262 263 
146 67 3200 206 3201 
201 276 67 3202 490 123 419 114 6 457 32 2086 30 3203 2248 
72 186 267 272 162 3180 48 
74 552 114 6 288 58 577 67 3204 17 1627 3160 1025 73 3205 2248 32 397 157 67 278 30 199 134 
1470 30 67 3206 2248 32 397 1547 1273 48 30 199 1651 3165 200 
304 272 
101 303 109 207 157 697 3207 
3208 86 3209 17 981 3160 58 971 629 105 3210 685 
552 457 290 199 1651 3211 17 457 697 3212 105 67 821 
34 3213 3214 101 109 32 1160 6 3215 71 1310 
23 208 
23 35 1025 6 203 2155 32 397 174 1289 122 2140 17 427 3216 17 295 630 428 322 3217 366 6 427 3216 
232 105 272 297 158 387 105 1072 3204 17 153 269 67 3218 
2 554 11 425 
516 135 6 897 9 290 2 49 
34 2 39 106 180 412 17 2417 35 262 82 847 739 263 30 134 516 206 3219 34 516 3220 213 14 6 1072 3221 3222 3223 
100 1728 1126 6 206 3197 71 2 897 516 297 6 67 3224 3225 17 1162 3198 17 301 32 214 157 11 572 
316 20 87 253 20 1579 17 316 199 516 135 6 114 32 238 230 199 91 23 3226 127 199 140 
162 3227 289 499 121 17 2811 16 2894 
153 206 1184 34 2 276 
9 58 32 2739 17 3228 210 58 3053 3229 2248 6 67 160 
20 559 199 361 100 17 200 34 28 1273 2217 1425 20 46 238 199 48 30 100 
74 2 54 58 57 320 503 379 
552 2256 36 895 127 57 552 114 6 3195 180 181 
3195 11 950 
758 880 73 3205 2248 32 397 3230 380 158 2864 3231 
3127 810 811 2 3232 235 
749 304 57 522 168 73 3233 2248 32 397 3127 265 1547 1273 200 
34 23 3234 48 17 3235 109 106 3236 23 586 301 73 3237 2248 32 397 811 2305 
164 2 221 420 6 3238 199 361 9 
295 320 1354 201 552 395 697 3239 109 67 450 636 11 3171 3240 
254 163 17 2 276 114 6 238 9 290 
9 58 32 491 428 6 202 1001 105 1173 
2 3241 25 235 
202 105 238 100 290 
34 20 420 48 28 1291 
516 410 135 20 6 297 144 44 4 105 6 103 566 1115 17 2 221 420 67 167 6 319 552 3242 697 3243 
2 1954 57 272 162 1061 
87 1531 446 20 531 100 
3244 
781 64 2104 
20 3120 127 9 207 
20 3245 67 3246 
4 1184 34 2 212 20 531 16 32 3247 157 3248 158 1229 
17 64 3249 48 3250 67 439 
32 970 1860 64 653 499 425 109 1366 
1036 100 272 
34 28 1895 105 32 1115 2128 2772 16 109 
2 18 67 658 30 67 3160 3165 1366 17 67 739 2 2370 100 67 739 2 2712 201 492 71 32 940 446 3251 157 67 3252 30 1540 572 109 67 1967 3175 157 847 263 123 20 586 698 127 2553 1967 
252 39 32 1325 105 67 1102 30 11 256 
2 618 127 6 240 1858 
479 
500 58 289 6 240 20 23 49 
153 301 629 230 67 1897 
17 221 267 73 57 3160 3253 
153 839 20 32 154 109 1860 
23 423 87 1547 90 
491 
2 175 199 
200 20 532 479 
500 109 17 47 230 67 1897 
1211 20 3254 3255 87 552 49 92 
199 1262 3256 1264 17 199 1847 3257 3258 
3259 
3260 
2 698 1401 
479 
500 132 149 739 3261 17 1138 1139 265 105 67 592 93 1228 558 64 51 407 51 32 534 32 2642 17 32 2092 1329 3262 3263 380 847 782 30 2142 3264 3265 17 3266 2285 109 2066 3267 
25 26 27 64 618 3118 
307 500 2 49 3268 
444 6 316 20 57 981 1859 39 502 230 32 1200 3269 334 335 17 2021 76 6 47 57 601 30 697 238 92 
797 239 105 3270 86 303 804 6 1121 1152 996 1909 322 186 1941 3271 71 500 113 114 51 106 3272 182 30 3273 157 1329 
531 941 32 3269 479 
161 
64 501 
72 84 697 312 686 981 1859 51 334 335 25 3274 637 2043 167 2055 2056 1511 
46 2 301 199 155 3275 
252 86 164 833 322 67 1961 2 954 17 2 114 164 1586 6 1298 394 6 319 630 428 232 105 127 17 114 32 553 230 1173 1470 30 90 67 797 312 109 32 2217 17 3276 1526 2091 67 167 
67 1866 1867 292 106 3277 3278 1343 25 1858 
749 874 64 24 
758 67 1187 30 74 9 3279 2028 
67 1869 208 1280 109 158 1904 134 
87 2 1008 6 319 479 
161 58 57 2 686 697 238 6 11 1989 17 64 3280 11 2127 14 6 885 
101 303 5 6 940 144 230 1832 167 105 9 128 
67 3281 5 6 457 100 127 3282 230 3283 3284 25 67 340 701 
157 11 116 2 175 235 2 332 100 39 74 32 1077 119 71 135 2 49 67 794 
795 
2 
266 1210 109 130 57 232 1178 
1858 3285 67 591 17 942 465 235 3286 32 539 3287 354 67 289 30 499 121 291 500 24 1094 6 1870 
838 
1804 109 67 1801 4 32 959 312 3260 230 32 12 17 3288 109 3289 
11 1899 670 17 292 235 32 3290 1325 105 67 1836 30 499 425 
28 32 209 1469 3291 23 175 235 17 4 74 157 20 
71 221 20 202 549 255 157 9 3292 3293 30 632 82 153 531 105 158 12 1583 17 316 74 
500 1755 6 67 1801 57 3294 1807 39 499 56 432 71 57 161 39 549 36 149 255 157 2926 57 64 39 1184 34 64 586 240 201 67 794 
795 
2 
586 47 100 26 767 
109 26 1822 64 871 739 2563 64 446 242 109 2004 230 16 17 212 16 54 305 2 39 1008 127 25 67 1868 1809 59 
240 38 500 2 3 
128 209 1068 266 47 32 3295 
9 58 67 3296 1822 320 518 115 105 
34 20 46 2246 109 17 3297 981 1859 17 213 105 1998 218 527 25 697 636 153 839 20 32 154 109 57 276 3298 67 794 
795 
2 
322 168 3299 6 168 3300 
72 2732 369 30 20 17 981 1859 67 1866 1867 2823 
34 67 1989 1164 16 153 922 20 127 252 319 73 3182 2237 
2071 
2 49 
17 131 288 20 2426 528 82 3301 
2 221 553 105 3270 64 175 16 71 2 251 3302 196 1279 487 3303 9 634 3295 1098 
218 499 3304 2 3305 213 109 67 171 17 230 3306 145 1381 213 127 6 1753 105 430 207 3307 
161 162 163 101 303 44 2 51 3308 32 3309 3310 3311 392 
67 2204 3160 3195 39 35 67 2141 30 32 3312 180 1344 84 1709 2345 105 182 3313 67 3314 380 3315 199 572 361 1967 3175 
252 39 715 30 2397 3316 17 223 32 968 3317 109 2633 1997 81 17 3318 30 3319 
67 160 39 303 30 55 117 3320 71 100 279 292 1301 157 168 3321 
100 39 109 898 32 1323 2657 629 127 
252 39 32 3322 105 11 3323 171 1722 17 67 2041 313 479 
3324 3325 6 240 20 479 
161 
749 1929 235 6 240 128 30 67 763 217 276 20 
2 175 235 57 20 101 432 1962 71 64 49 64 113 240 20 17 446 641 
64 432 
2 501 
1126 
1400 235 109 
288 20 54 106 3324 3325 1858 
282 282 
23 554 199 425 
67 3326 3327 2316 
103 109 3328 91 2139 2140 
2 46 251 48 34 250 641 32 138 
241 140 2 175 199 
153 240 235 
20 8 109 67 630 591 17 242 67 439 3329 36 20 46 457 32 1852 
23 112 
2 46 288 787 265 57 3293 
153 1493 14 67 3323 171 3330 17 242 67 439 2789 
57 10 
153 791 1604 97 20 319 
168 135 32 3331 
479 
3325 39 106 3332 522 629 127 312 109 67 918 2022 73 1109 1425 385 740 230 2698 3333 1556 32 3333 743 1800 2374 331 17 32 3334 2509 3335 
64 618 3336 71 303 1113 380 100 
64 3337 230 32 1522 3338 3339 109 499 875 71 499 1024 39 1413 3282 17 3340 
479 
161 64 24 
20 113 2965 67 3341 30 3342 71 20 276 1052 123 2 316 20 57 2 408 1989 30 67 678 1994 3343 109 67 733 2497 
200 221 897 4 3082 82 3344 
67 35 2520 2 114 232 6 20 58 558 11 3345 109 67 794 
795 
2 
316 16 57 20 86 3346 109 67 3347 30 1870 
838 
838 
561 487 67 1124 
2135 2296 2021 100 
2170 39 32 1323 3290 3348 17 2 2016 697 1203 57 64 39 1273 376 
200 2 221 1929 20 757 109 3349 56 67 3350 3351 100 3226 1505 6 114 385 1994 1582 109 9 488 
2403 3352 147 135 11 334 704 
164 221 301 2788 
50 2187 109 164 2159 3353 4 106 3338 2305 1168 3354 17 34 20 202 6 885 250 251 57 419 54 74 73 16 
685 310 420 67 180 3355 3356 109 697 869 71 2 78 240 67 374 30 432 149 3357 
2 1226 235 32 1454 
87 288 20 420 6 240 16 73 479 
3325 
2 501 
157 74 20 54 252 310 206 3358 3359 74 290 67 636 
11 334 3360 1395 39 3361 32 1866 1867 30 67 794 
795 
2 
3325 3014 499 1454 230 32 3362 30 32 1693 3363 1824 
57 446 206 500 32 
1865 
500 273 100 
32 491 3348 17 32 3364 1867 
516 280 1032 115 2124 6 158 1822 
250 251 235 598 1958 
44 20 54 109 428 30 224 252 504 6 206 155 3365 10 30 3366 3282 3367 3368 1289 67 3369 
3370 
3371 
74 2930 3372 3373 17 3374 
2 273 3375 32 3376 44 951 44 2 586 1150 67 3377 3179 2471 
4 2920 38 157 3352 17 20 114 25 796 540 239 109 3352 6 242 109 2004 230 67 678 1967 290 252 
72 67 35 3365 10 3378 3379 46 206 3380 3381 
44 3382 3383 49 334 428 3384 58 303 624 
67 898 58 57 62 109 224 385 990 3385 135 691 17 2148 113 17 288 3386 3282 3387 
2 1840 67 3388 157 1858 
981 1859 2 501 114 552 26 2938 109 67 171 
643 3389 17 3390 23 3285 67 591 6 32 1235 447 3391 44 32 3392 1563 1469 3026 67 3393 17 1492 32 1878 539 2063 
23 3394 385 3395 17 1481 1713 183 6 1173 17 751 6 199 171 
3396 
49 2 
3397 722 
3325 882 
71 87 1211 20 420 6 240 16 73 
2 1758 
20 310 206 74 210 71 4 1037 1039 1479 380 67 794 
795 
2 
1248 180 1469 1248 64 3398 16 
34 419 301 3399 212 16 54 4 109 67 1579 2460 17 11 505 276 279 54 80 6 2578 16 486 82 335 17 153 316 885 6 455 3400 
164 161 87 2 1008 6 316 20 39 57 123 20 2127 289 6 158 3271 17 153 788 847 6 128 1406 57 1979 3401 300 316 235 57 67 3379 42 
697 3010 200 58 6 3402 3403 157 67 630 224 131 276 206 354 3404 2952 2 981 11 413 
756 141 6 1187 1072 334 274 724 17 275 6 3238 3405 3406 3204 868 17 3343 48 30 67 3407 
1400 183 6 3408 6 3370 6 3409 
3410 183 6 3411 850 183 109 1870 3412 6 3413 3414 82 3415 
316 3401 57 402 819 3416 697 1116 17 276 1193 67 3010 210 2091 67 817 71 252 113 206 164 3417 3418 164 1248 73 334 3419 
34 685 416 32 3420 3254 212 235 114 100 71 322 200 105 697 719 58 6 1282 691 44 106 3421 157 199 3422 2150 17 44 32 1203 1539 67 287 276 148 6 1279 67 3423 
316 235 57 276 20 180 312 
0 1413 3424 
3325 1596 499 553 230 106 3425 3426 30 67 962 670 554 755 17 426 67 591 44 3427 44 64 51 3428 109 100 
2 1658 127 67 2553 1579 
301 16 794 
795 
2 
861 2 49 
2 974 6 738 6 479 
32 
1865 
500 
0 153 641 
