17
36
1936
2
2346
11
409
58
57
157
155
3190
2584
167
127
6
16
6
452
127
80
272
422
483
17
7
6
288
32
208
718
229
67
699
1424
3570
3018
23
3571
3182
3572
105
67
2898
15
16
229
197
2113
1102
3116
3573
17
32
3364
30
1475
3574
109
67
3575
25
197
1741
838
16
32
3576
2
3577
123
2
65
6
316
11
3578
3579
459
57
3580
23
585
900
30
39
6
1418
16
483
6
32
3581
3582
291
2
39
3583
1385
67
3584
796
151
3585
679
6
3586
57
103
58
882
17
57
1201
61
419
100
36
204
293
17
1277
57
2
566
204
1076
67
842
23
147
863
1492
23
949
127
3587
662
290
6
67
2103
17
465
1188
261
383
208
1637
3588
3589
109
158
957
23
49
476
6
239
20
105
816
2
220
239
757
303
23
961
1105
2
220
1277
6
204
3418
17
2
54
57
67
762
449
109
67
170
900
4
425
71
32
3590
557
2
220
1277
2
220
135
238
71
4
1201
34
2
900
57
272
84
58
128
30
2125
3591
3592
585
114
3315
127
270
44
3593
44
9
44
2
77
234
64
2062
26
428
3594
2
49
1074
100
64
2062
3420
109
206
64
1689
127
32
490
30
568
867
17
292
182
32
208
500
109
497
3595
1505
64
2062
36
375
105
344
17
1452
17
3596
157
497
1201
3597
64
39
32
195
30
1336
64
1193
32
208
424
17
64
1193
32
503
6
114
32
208
424
64
1002
114
115
2505
109
128
30
129
3598
3521
80
67
413
288
74
67
81
17
67
238
1210
3599
552
17
47
1185
2
570
32
2077
1430
2
51
2681
11
445
3600
2
509
87
3601
30
3602
974
123
64
3204
127
229
3603
2
332
30
3604
17
3605
3606
1923
17
3607
684
17
3608
3190
63
67
903
287
441
3609
16
38
39
128
2299
104
84
585
781
6
11
792
1166
3071
157
106
3610
316
16
73
9
593
595
1936
24
2
220
301
74
67
3611
73
234
17
9
333
1334
6
16
3612
57
3613
16
64
39
67
2442
2040
51
32
29
30
3614
105
25
2508
272
39
136
29
30
3615
73
100
866
263
1900
167
898
157
16
6
204
259
2
224
595
39
32
1130
3616
25
2508
17
310
114
51
32
3617
421
272
2062
36
375
3618
71
229
428
149
571
3619
1222
101
960
378
3620
57
58
64
141
540
2409
3621
48
361
67
631
3110
1052
497
718
965
32
503
51
32
3622
229
497
12
17
3623
67
340
44
32
341
342
217
23
337
48
105
234
67
340
2168
234
6
710
711
712
81
17
1054
234
6
67
110
64
1768
135
32
979
23
961
2256
497
12
135
57
316
16
738
73
197
58
23
1341
2
332
32
423
424
2
220
645
54
2
49
3031
2
240
509
23
39
2737
6
16
423
217
2
39
2737
6
197
23
51
32
3102
105
197
422
1369
17
32
3624
10
30
545
123
23
39
565
1722
30
16
2
409
23
141
534
30
3625
109
336
17
481
100
48
105
16
26
3416
2
553
11
421
3626
2678
428
149
105
32
631
3627
23
49
23
147
416
26
291
551
585
210
182
2
39
947
620
6
1229
197
295
123
551
585
210
182
23
147
416
182
78
319
2
1122
197
1230
23
47
20
1755
30
55
303
84
412
6
204
1755
23
392
16
3628
71
100
39
3629
6
204
144
197
2
240
509
87
514
250
123
2
141
3630
3631
3632
1298
290
425
25
74
82
3633
3634
290
425
1936
1330
57
2668
2489
23
268
153
1210
9
128
3448
28
593
595
17
272
459
1426
361
128
67
373
58
80
288
551
200
322
38
1179
239
20
576
3619
56
2
1684
48
426
1730
904
3635
3636
17
3637
593
594
595
290
17
290
1385
105
67
289
30
106
3638
23
18
100
1776
72
163
3639
23
268
17
167
425
135
426
601
900
2
585
301
32
577
3640
105
100
1179
7
2
1224
202
123
2
301
6
67
170
153
3641
32
577
105
67
3642
83
25
887
20
1805
100
109
157
3643
17
520
239
34
100
3644
23
553
197
421
163
2816
34
2
65
57
445
286
551
54
3645
114
67
32
795
32
247
217
20
157
3646
46
20
900
30
270
1554
303
3046
20
200
6
887
17
239
333
109
712
837
837
17
1970
197
6
3647
11
601
82
637
20
46
200
17
237
6
197
17
1258
305
23
3648
197
3649
6
241
197
3650
127
20
46
250
48
305
1571
136
2114
73
3651
20
46
1970
34
23
136
3485
57
3652
3653
58
32
766
3654
265
3655
1459
17
305
23
136
3656
3657
3658
3659
72
620
23
1314
71
1664
2
5
6
301
6
887
17
288
74
1083
306
626
3250
2
49
20
17
2
46
3551
14
105
32
206
3660
3661
103
3662
215
4
104
3663
378
67
3664
20
46
577
105
333
239
34
4
303
209
23
666
72
128
10
87
46
551
2075
127
67
170
58
3665
127
109
3324
81
17
57
359
163
40
157
2951
3354
20
301
87
64
359
67
3326
17
415
316
16
57
67
3666
810
58
38
6
8
2
3211
67
1131
316
20
87
1936
2
3
50
115
3200
9
290
67
3515
5
6
1812
9
345
87
2
2425
105
67
560
1553
57
1061
46
1670
48
354
1188
67
3667
86
105
184
334
2673
71
1432
30
67
3668
2454
86
102
57
100
276
452
322
3669
1125
6
383
263
6
1132
127
3670
568
3671
3672
30
2527
9
2179
542
276
288
67
3673
17
67
223
276
204
290
378
3674
482
225
32
40
157
272
459
6
47
1623
383
82
539
186
23
112
3675
199
225
2241
3676
2
1224
74
3677
127
378
67
3678
334
3304
3679
3680
32
3681
105
2241
17
592
57
251
2062
26
6
204
51
225
3682
17
3683
2
3684
67
3685
5
6
204
2853
225
32
3686
31
304
44
876
1676
3687
17
520
204
625
304
23
268
34
20
416
6
1676
190
17
46
301
3546
361
3688
82
67
3689
71
251
86
3690
3691
3692
109
3683
17
3682
17
20
78
3576
361
67
3110
1166
447
25
887
199
73
3693
2
1699
551
46
3308
696
223
3301
17
3320
109
103
975
157
3694
3695
319
1845
3696
82
1910
837
1842
1936
3413
67
1436
17
3697
11
421
3698
3386
23
961
167
1649
2646
157
20
17
426
3699
2
54
11
10
144
67
166
788
483
704
3332
291
67
3674
206
1034
1134
48
167
74
625
157
32
1130
3700
123
67
3701
3702
17
32
195
30
3703
86
5
6
204
603
20
46
3308
572
30
55
71
249
114
6
637
157
57
34
20
113
200
109
157
3704
7
67
3705
82
67
3706
2951
3354
502
100
2108
36
57
67
35
10
20
46
47
571
48
30
67
3707
58
6
204
32
3512
82
32
3708
71
57
266
47
2529
2
111
109
26
632
17
25
26
424
1126
3709
105
87
58
5
6
1192
58
3155
32
3710
199
73
3711
155
30
67
223
3712
572
23
553
197
421
20
637
790
320
115
6
887
155
30
67
3418
2454
14
251
310
54
67
1342
1247
100
276
204
3713
34
415
46
35
301
3152
30
3714
2459
100
276
204
3715
3716
71
72
5
6
204
32
3717
3718
1221
67
3719
276
204
894
157
20
36
757
267
3720
30
3721
583
2
3355
197
199
109
876
404
2
5
6
301
155
3699
199
137
272
576
3018
25
67
188
189
1221
23
112
64
502
539
82
923
2765
3722
67
128
64
3656
157
3723
1608
3724
58
300
2260
2013
837
459
1179
239
20
7
6
3268
57
77
64
3725
74
497
1004
17
3726
32
538
2152
1492
30
32
3727
290
67
2
2
65
57
32
274
1296
291
23
553
197
421
251
207
32
3728
109
398
818
84
273
450
32
577
229
57
105
100
1179
239
64
2260
497
56
6
103
144
38
239
34
20
78
673
100
23
3729
1049
32
3364
30
2729
17
3031
512
127
229
32
673
30
67
792
30
3730
378
276
3731
272
332
9
441
204
208
157
16
23
99
38
100
58
157
988
1936
1899
229
67
3732
30
2013
837
459
64
39
135
3733
30
3734
292
234
32
3735
64
819
57
157
16
3736
217
3645
115
1384
3737
188
2375
25
106
171
3318
3738
7
100
2
65
67
588
1385
71
67
471
39
62
766
265
11
3739
3740
9
424
100
615
135
87
100
3108
3741
3646
876
2
2406
50
584
141
6
288
787
265
57
199
73
11
3742
100
555
204
1959
23
174
16
199
575
100
58
6
896
32
588
72
115
3743
167
103
73
67
3744
30
67
3745
17
67
3746
30
67
3636
163
383
3747
86
3748
3749
17
72
757
32
3742
3750
277
1042
415
141
3751
131
896
100
520
1664
2
5
6
301
155
3699
2
1699
2
78
618
105
3619
887
3752
67
3336
86
251
207
149
251
1221
17
34
2
7
6
618
105
459
3753
153
250
212
109
67
3754
23
141
127
17
465
1188
1623
3755
30
3588
2
141
100
23
313
100
146
204
428
177
157
20
71
167
787
265
3756
20
910
249
1318
16
155
876
3386
2
141
163
3757
82
3758
109
67
3753
17
32
274
3759
109
3321
163
9
58
787
300
1670
48
158
699
17
2868
158
331
100
3760
135
3761
2
833
289
109
67
121
330
11
331
17
3762
11
209
699
109
1534
30
16
3341
3763
2
280
197
3764
361
67
2109
123
23
512
289
197
877
3760
3765
44
23
1602
9
58
100
3386
241
129
331
2868
251
39
32
2733
3766
3767
2135
67
3768
30
11
1903
295
11
209
699
39
1658
724
17
3769
2
1365
11
331
6
239
1936
1902
32
3770
3771
3772
109
197
699
17
2307
25
16
2891
44
67
3773
3774
322
11
3775
272
23
3776
17
2975
14
109
67
1533
2
614
3198
67
3777
322
11
3778
17
3779
100
144
11
3780
1903
3781
1649
20
2
2406
4
439
3386
23
1602
2
147
416
6
440
20
100
132
67
35
10
20
1201
947
2
401
3782
25
197
288
20
3783
20
3784
229
57
3772
109
158
699
17
566
114
3785
106
3786
163
1230
2
23
3787
127
614
17
615
144
3788
2
486
1080
137
100
440
149
303
2247
758
67
1130
875
198
20
393
135
272
23
3
64
240
141
1035
575
781
20
1130
3789
34
320
3785
158
1903
20
141
6
114
32
3790
17
34
20
141
32
3790
105
158
209
699
158
3747
5
6
204
3593
74
20
148
288
58
3791
100
17
2
82
128
30
67
449
276
2000
100
17
67
83
276
1127
100
17
249
301
67
3699
2
332
57
128
290
320
141
103
109
158
421
872
129
1130
2429
331
2
224
198
34
20
35
114
155
3792
17
3793
520
239
34
2
46
3794
483
3795
23
1045
3796
67
334
286
249
301
23
49
251
203
6
204
103
109
67
3797
3150
3788
23
873
2
1182
153
114
6
301
20
3798
17
1732
20
109
67
307
300
135
32
3386
3799
57
103
199
73
155
1806
2
1699
20
49
103
73
32
2076
289
25
67
170
17
74
320
874
16
58
527
17
3263
20
301
105
229
158
854
17
211
16
7
6
2119
11
699
2
532
361
67
2109
3800
155
3801
17
32
1505
30
3802
3803
173
67
3744
30
3773
51
3804
2
3032
6
3805
212
2248
157
67
3806
30
3807
272
459
588
319
272
1936
1658
1345
25
67
2109
435
229
106
3808
30
2076
461
197
50
300
2847
48
103
34
20
2304
272
71
32
3809
322
67
1140
167
303
1757
157
20
6
239
16
109
11
1102
101
3810
748
241
3076
105
790
217
1748
2
49
2
146
681
105
3811
4
2853
23
112
20
304
46
47
135
272
23
3812
550
67
3813
1719
